  -6.332248690  62.34558105   
  -6.331561090  62.34547043   
  -6.331561090  62.34547043   
  -6.332378860  62.34392166   
  -6.332825180  62.34381485   
  -6.332427500  62.34308624   
  -6.332574370  62.34202194   
  -6.333878520  62.34132767   
  -6.333373070  62.34096909   
  -6.333337780  62.34042740   
  -6.333037380  62.34017944   
  -6.333605770  62.34011078   
  -6.334651470  62.33938599   
  -6.334476950  62.33854675   
  -6.333922860  62.33760071   
  -6.333579060  62.33623123   
  -6.333720680  62.33430862   
  -6.333738800  62.33353806   
  -6.334362030  62.33341599   
  -6.334557530  62.33325577   
  -6.333992480  62.33274460   
  -6.334300040  62.33208466   
  -6.333981510  62.33152008   
  -6.334217550  62.33097076   
  -6.333713050  62.33053589   
  -6.333858490  62.33016205   
  -6.333124640  62.32865906   
  -6.333400250  62.32833862   
  -6.333143710  62.32785797   
  -6.333058360  62.32788467   
  -6.332857610  62.32798767   
  -6.332292080  62.32680893   
  -6.331610200  62.32543945   
  -6.330811500  62.32408524   
  -6.329208370  62.32280731   
  -6.328199390  62.32127762   
  -6.327677730  62.32127762   
  -6.326802250  62.32070541   
  -6.326647760  62.32037735   
  -6.325615410  62.32028580   
  -6.325037000  62.32006073   
  -6.325510980  62.31976318   
  -6.324984070  62.31965637   
  -6.324001310  62.31978989   
  -6.321653840  62.31917572   
  -6.319681640  62.31884384   
  -6.319673060  62.31859207   
  -6.320057870  62.31819534   
  -6.319814210  62.31809235   
  -6.317584510  62.31737518   
  -6.316634180  62.31766129   
  -6.315876960  62.31697464   
  -6.314470770  62.31676483   
  -6.313849930  62.31678009   
  -6.313338280  62.31703949   
  -6.313255310  62.31699371   
  -6.313620090  62.31675720   
  -6.313636780  62.31667709   
  -6.310544490  62.31650162   
  -6.310180660  62.31666565   
  -6.309666160  62.31736374   
  -6.310482030  62.31784821   
  -6.310228820  62.31817627   
  -6.306687360  62.31852722   
  -6.306174760  62.31850052   
  -6.304373740  62.31808853   
  -6.302510740  62.31810760   
  -6.300842760  62.31801987   
  -6.300353050  62.31863785   
  -6.299952980  62.31933212   
  -6.299173360  62.31921768   
  -6.298200130  62.31919861   
  -6.296115880  62.31916809   
  -6.295467380  62.31931686   
  -6.293294910  62.31912994   
  -6.292953010  62.31902695   
  -6.291567800  62.31920624   
  -6.291549680  62.31932068   
  -6.291924950  62.31935501   
  -6.291894910  62.31938934   
  -6.289959910  62.31980133   
  -6.288637160  62.31995773   
  -6.286180020  62.32043839   
  -6.285923000  62.32056808   
  -6.286097050  62.32065201   
  -6.286143300  62.32069778   
  -6.283633230  62.32142258   
  -6.281449790  62.32233810   
  -6.280244350  62.32302475   
  -6.280317310  62.32316208   
  -6.280424120  62.32317352   
  -6.280230050  62.32331467   
  -6.280007360  62.32336426   
  -6.279865740  62.32347488   
  -6.279667380  62.32347107   
  -6.277143960  62.32477188   
  -6.276875970  62.32499695   
  -6.276052470  62.32673264   
  -6.275919440  62.32780075   
  -6.275419240  62.32849884   
  -6.275444510  62.32873535   
  -6.275101660  62.32896042   
  -6.274870400  62.32901764   
  -6.274789330  62.32884598   
  -6.274762150  62.32872009   
  -6.274647240  62.32870865   
  -6.274476050  62.32884979   
  -6.274363040  62.32905579   
  -6.273253440  62.32897949   
  -6.271800990  62.32878876   
  -6.270414830  62.32840347   
  -6.269007680  62.32788086   
  -6.268117430  62.32758331   
  -6.267927170  62.32757187   
  -6.267702100  62.32762909   
  -6.267642020  62.32761002   
  -6.267835620  62.32749939   
  -6.267915250  62.32742691   
  -6.267086510  62.32677460   
  -6.265697960  62.32617950   
  -6.265390400  62.32618332   
  -6.264103410  62.32644653   
  -6.263569830  62.32668686   
  -6.263103010  62.32723618   
  -6.262984280  62.32798767   
  -6.262987610  62.32820129   
  -6.261673450  62.32895660   
  -6.261321070  62.32896805   
  -6.261240480  62.32906723   
  -6.261257650  62.32934570   
  -6.260594840  62.33036423   
  -6.260681630  62.33123779   
  -6.260087970  62.33164978   
  -6.259516720  62.33238220   
  -6.258392810  62.33288956   
  -6.257246490  62.33395386   
  -6.256584640  62.33562088   
  -6.256865980  62.33816910   
  -6.256991390  62.33990479   
  -6.258399490  62.34099197   
  -6.258352280  62.34160995   
  -6.257904530  62.34234619   
  -6.258344170  62.34322739   
  -6.259718420  62.34408951   
  -6.260565760  62.34426880   
  -6.261274340  62.34453201   
  -6.262557510  62.34471893   
  -6.264550210  62.34511948   
  -6.265005590  62.34506607   
  -6.265522000  62.34522629   
  -6.268656250  62.34510040   
  -6.268767360  62.34495926   
  -6.268546100  62.34490967   
  -6.268716810  62.34479523   
  -6.270386700  62.34429932   
  -6.271380900  62.34384155   
  -6.272627350  62.34366989   
  -6.273053170  62.34347153   
  -6.274159910  62.34249496   
  -6.276068690  62.34220123   
  -6.278035640  62.34209442   
  -6.278531550  62.34225082   
  -6.278865340  62.34242630   
  -6.280557160  62.34220123   
  -6.282453060  62.34159851   
  -6.284837720  62.34097290   
  -6.286269660  62.34047699   
  -6.287924770  62.34082413   
  -6.287924770  62.34082413   
  -6.288203720  62.34105682   
  -6.288447380  62.34176254   
  -6.288590910  62.34186172   
  -6.289095880  62.34191895   
  -6.289458750  62.34183502   
  -6.289733410  62.34159851   
  -6.290322300  62.34138489   
  -6.291201590  62.34149170   
  -6.292243480  62.34186935   
  -6.292825220  62.34193420   
  -6.293685440  62.34223175   
  -6.296174050  62.34274673   
  -6.296585080  62.34255600   
  -6.296516420  62.34282684   
  -6.297247410  62.34314346   
  -6.299064160  62.34350204   
  -6.300910470  62.34428406   
  -6.301502230  62.34421539   
  -6.301563740  62.34426117   
  -6.301169400  62.34435272   
  -6.301285740  62.34462357   
  -6.301756380  62.34489441   
  -6.302318100  62.34546280   
  -6.301528930  62.34641647   
  -6.300215240  62.34673309   
  -6.299775120  62.34692001   
  -6.298942090  62.34707642   
  -6.298701290  62.34719849   
  -6.299020770  62.34729385   
  -6.298304080  62.34780884   
  -6.297763820  62.34786224   
  -6.297253130  62.34810257   
  -6.296896930  62.34890366   
  -6.297440050  62.34894943   
  -6.297175880  62.34939575   
  -6.297451500  62.34944534   
  -6.297822000  62.34936142   
  -6.297771930  62.34955978   
  -6.298262600  62.34951401   
  -6.297781470  62.34977341   
  -6.297767640  62.35035706   
  -6.298177720  62.35050201   
  -6.298877720  62.35049820   
  -6.299387450  62.35134125   
  -6.300427440  62.35218048   
  -6.299983500  62.35238647   
  -6.300072190  62.35253906   
  -6.300440790  62.35256577   
  -6.300835610  62.35273361   
  -6.301508430  62.35283661   
  -6.302093510  62.35308456   
  -6.303585050  62.35399246   
  -6.303957940  62.35444641   
  -6.304489610  62.35435867   
  -6.304979320  62.35407257   
  -6.305357460  62.35401535   
  -6.306634430  62.35419464   
  -6.306908610  62.35430908   
  -6.307252880  62.35464859   
  -6.307498460  62.35473251   
  -6.307819840  62.35468292   
  -6.308028700  62.35438156   
  -6.308337210  62.35428238   
  -6.310963630  62.35450363   
  -6.310897350  62.35472488   
  -6.311103340  62.35482025   
  -6.311342240  62.35478973   
  -6.311576840  62.35460281   
  -6.313044550  62.35453415   
  -6.314008240  62.35432816   
  -6.314968590  62.35432816   
  -6.315411570  62.35439301   
  -6.315673830  62.35429001   
  -6.318462370  62.35419083   
  -6.320344920  62.35382080   
  -6.321622370  62.35364914   
  -6.322374340  62.35332108   
  -6.323943140  62.35281372   
  -6.325097080  62.35233307   
  -6.325305940  62.35194016   
  -6.325616840  62.35144424   
  -6.326105590  62.35118484   
  -6.327618600  62.35086441   
  -6.327889440  62.35070801   
  -6.327871320  62.35017776   
  -6.328147890  62.34982300   
  -6.329160690  62.34880066   
  -6.329207420  62.34846878   
  -6.329735280  62.34785843   
  -6.330513950  62.34764099   
  -6.330790520  62.34766388   
  -6.331436160  62.34796524   
  -6.331765650  62.34794998   
  -6.331878190  62.34736252   
  -6.331611160  62.34669113   
  -6.331157210  62.34638596   
  -6.331417560  62.34567261   
  -6.332245830  62.34568024   
  -6.332248690  62.34558105  
