  -6.879261970  61.93579865   
  -6.879255290  61.93573761   
  -6.879255290  61.93573761   
  -6.880131240  61.93566132   
  -6.880395890  61.93547440   
  -6.879346850  61.93515396   
  -6.877236370  61.93486023   
  -6.876764770  61.93489838   
  -6.876123430  61.93480682   
  -6.876153470  61.93475342   
  -6.876632690  61.93474197   
  -6.877059940  61.93460464   
  -6.875102040  61.93370438   
  -6.872351650  61.93264008   
  -6.870804310  61.93204117   
  -6.868846890  61.93176651   
  -6.867086890  61.93202591   
  -6.867249970  61.93217468   
  -6.864685060  61.93274307   
  -6.862846370  61.93353271   
  -6.861788750  61.93451309   
  -6.861114030  61.93500519   
  -6.861674310  61.93522263   
  -6.860964780  61.93523026   
  -6.860674380  61.93600464   
  -6.861257080  61.93688583   
  -6.862699510  61.93688965   
  -6.862760540  61.93696976   
  -6.861097810  61.93700790   
  -6.861231800  61.93729782   
  -6.861751560  61.93743896   
  -6.861370560  61.93752289   
  -6.861565590  61.93787003   
  -6.862437730  61.93809891   
  -6.862241270  61.93829346   
  -6.864320760  61.93996048   
  -6.866880890  61.94110489   
  -6.866892340  61.94139862   
  -6.868661880  61.94336700   
  -6.869616030  61.94409180   
  -6.869696140  61.94452286   
  -6.870461460  61.94528198   
  -6.870152000  61.94553757   
  -6.871764660  61.94649506   
  -6.872323040  61.94729233   
  -6.872474670  61.94722366   
  -6.873804090  61.94864655   
  -6.875429150  61.95050430   
  -6.876798630  61.95145798   
  -6.878252030  61.95321274   
  -6.878674510  61.95391083   
  -6.878949170  61.95402527   
  -6.879998680  61.95505524   
  -6.881141660  61.95543289   
  -6.881088260  61.95545578   
  -6.881242280  61.95557785   
  -6.881303790  61.95553970   
  -6.881380560  61.95558929   
  -6.881349560  61.95562363   
  -6.881419180  61.95566940   
  -6.881456850  61.95564270   
  -6.881811140  61.95581818   
  -6.881567960  61.95591354   
  -6.881182670  61.95574570   
  -6.881101130  61.95577240   
  -6.881476400  61.95602036   
  -6.881895540  61.95591736   
  -6.881965640  61.95598221   
  -6.882063390  61.95594788   
  -6.882687570  61.95637894   
  -6.882575510  61.95659256   
  -6.882682800  61.95666885   
  -6.882919790  61.95660782   
  -6.883069990  61.95644760   
  -6.883460520  61.95656204   
  -6.883493420  61.95677948   
  -6.883777140  61.95683670   
  -6.883996960  61.95677567   
  -6.884310720  61.95679092   
  -6.885929580  61.95798492   
  -6.889208320  61.95889664   
  -6.890382770  61.95942688   
  -6.890208240  61.95949554   
  -6.890378000  61.95965958   
  -6.890644070  61.95961761   
  -6.891654010  61.96040726   
  -6.892179490  61.96152878   
  -6.892816540  61.96188736   
  -6.892580990  61.96192932   
  -6.892636300  61.96206284   
  -6.892947670  61.96195221   
  -6.893762590  61.96305084   
  -6.894105430  61.96297455   
  -6.894561290  61.96345139   
  -6.894327160  61.96358109   
  -6.894389150  61.96367264   
  -6.894875050  61.96356964   
  -6.896109100  61.96456909   
  -6.896234040  61.96477890   
  -6.897669790  61.96532059   
  -6.897810940  61.96568298   
  -6.898739340  61.96601868   
  -6.899187560  61.96641159   
  -6.899187560  61.96641159   
  -6.900841710  61.96677017   
  -6.900843620  61.96693802   
  -6.902361870  61.96735764   
  -6.902679920  61.96722794   
  -6.902852540  61.96749115   
  -6.904272080  61.96746826   
  -6.904572010  61.96767807   
  -6.904228690  61.96768188   
  -6.904729840  61.96794128   
  -6.904965880  61.96791840   
  -6.907755850  61.96866226   
  -6.907723900  61.96854401   
  
  -6.909555440  61.96896744   
  -6.909952640  61.96907043   
  -6.910249230  61.96900558   
  -6.911748410  61.96976471   
  -6.911894320  61.96969223   
  -6.911024570  61.96918488   
  -6.911169050  61.96922302   
  -6.912105560  61.96961594   
  -6.912525650  61.96955872   
  -6.912645340  61.96939850   
  -6.914073940  61.96990585   
  -6.914463040  61.96988678   
  -6.914613250  61.96972656   
  -6.915104390  61.96987534   
  -6.917419910  61.96997452   
  -6.920348640  61.97009277   
  -6.921044350  61.97018051   
  -6.922196870  61.97010040   
  -6.922256950  61.97003174   
  -6.921523090  61.96993637   
  -6.921537400  61.96989441   
  -6.922012810  61.96991730   
  -6.922276500  61.96976852   
  -6.922093390  61.96971512   
  -6.922854420  61.96949005   
  -6.924139020  61.96957397   
  -6.924754620  61.97000504   
  -6.925564290  61.96988297   
  -6.925233360  61.96966934   
  -6.925851820  61.96960831   
  -6.925676820  61.96976852   
  -6.926098820  61.96984482   
  -6.927736760  61.96960831   
  -6.927965160  61.96942520   
  -6.928261760  61.96940994   
  -6.928630350  61.96951675   
  -6.930541040  61.96958923   
  -6.930810930  61.96969223   
  -6.931053160  61.96963120   
  -6.932590960  61.96912384   
  -6.932693480  61.96893692   
  -6.932379720  61.96875381   
  -6.932753560  61.96881485   
  -6.932998180  61.96756744   
  -6.933340550  61.96636963   
  -6.933644290  61.96501160   
  -6.932933810  61.96439743   
  -6.932880880  61.96391296   
  -6.932026860  61.96337128   
  -6.931568620  61.96281433   
  -6.931062220  61.96265411   
  -6.930913450  61.96237564   
  -6.928737160  61.96124649   
  -6.928472040  61.96136093   
  -6.929142950  61.96184540   
  -6.929228310  61.96199036   
  -6.929483410  61.96220016   
  -6.928894520  61.96227264   
  -6.928739550  61.96259308   
  -6.928124900  61.96236801   
  -6.927698610  61.96244431   
  -6.926718710  61.96229553   
  -6.924936290  61.96146011   
  -6.922567370  61.96019363   
  -6.920364380  61.95924377   
  -6.918775560  61.95867920   
  -6.918029310  61.95826721   
  -6.917448520  61.95758438   
  -6.917755600  61.95766830   
  -6.918097500  61.95757675   
  -6.918242930  61.95764923   
  -6.918867110  61.95753098   
  -6.920321460  61.95701599   
  -6.920271870  61.95676422   
  -6.918438430  61.95612717   
  -6.917485240  61.95561600   
  -6.917495730  61.95579529   
  -6.917956350  61.95603561   
  -6.917804720  61.95613480   
  -6.918489930  61.95660019   
  -6.918362620  61.95673370   
  -6.917834280  61.95670700   
  -6.917743680  61.95677948   
  -6.917737960  61.95691299   
  -6.917448040  61.95686340   
  -6.917136190  61.95701218   
  -6.916881560  61.95689392   
  -6.916881560  61.95689392   
  -6.915952680  61.95585251   
  -6.915506360  61.95557785   
  -6.915142060  61.95566177   
  -6.915281770  61.95576477   
  -6.915302280  61.95579910   
  -6.915136340  61.95586014   
  -6.914852140  61.95574951   
  -6.914216520  61.95505524   
  -6.913333420  61.95463943   
  -6.913099290  61.95476913   
  -6.911763190  61.95364380   
  -6.910770420  61.95352173   
  -6.909495830  61.95241547   
  -6.908337590  61.95195007   
  -6.907842640  61.95138550   
  -6.907868390  61.95106125   
  -6.907407760  61.95091248   
  -6.907575130  61.95083237   
  -6.908086780  61.95082474   
  -6.908298490  61.95054626   
  -6.908257480  61.95036697   
  -6.907621860  61.95023346   
  -6.906875610  61.95040894   
  -6.906187060  61.95030212   
  -6.904199120  61.94937134   
  -6.903805730  61.94849396   
  -6.903987410  61.94834518   
  -6.902173520  61.94738388   
  -6.901407240  61.94721222   
  -6.901218890  61.94728851   
  -6.900476460  61.94715881   
  -6.900513170  61.94704437   
  -6.897994040  61.94638443   
  -6.898086070  61.94632339   
  -6.898458480  61.94631195   
  -6.898335930  61.94618607   
  -6.897906300  61.94615936   
  -6.897288800  61.94623947   
  -6.895726200  61.94562531   
  -6.896049980  61.94537735   
  -6.896004680  61.94531250   
  -6.895517350  61.94544220   
  -6.893956660  61.94512939   
  -6.893003460  61.94462967   
  -6.892339230  61.94386673   
  -6.892202380  61.94341660   
  -6.892710690  61.94309998   
  -6.892607690  61.94284821   
  -6.892907140  61.94293213   
  -6.893215180  61.94252396   
  -6.893022540  61.94235992   
  -6.893180370  61.94222641   
  -6.892894270  61.94181824   
  -6.892258170  61.94155502   
  -6.891241550  61.94151306   
  -6.890614030  61.94137955   
  -6.889385700  61.94136047   
  -6.888825420  61.94110870   
  -6.890070920  61.94118118   
  -6.890503410  61.94101715   
  -6.890419010  61.94091797   
  -6.887524600  61.94023514   
  -6.887599950  61.94016647   
  -6.890506740  61.94072342   
  -6.891118530  61.94069672   
  -6.891144750  61.94039917   
  -6.890298840  61.93983841   
  -6.889099600  61.93967819   
  -6.889266010  61.93953705   
  -6.888857840  61.93936920   
  -6.888865470  61.93936920   
  -6.888003830  61.93942642   
  -6.887659070  61.93933868   
  -6.887854100  61.93900299   
  -6.887568470  61.93877411   
  -6.888049600  61.93868256   
  -6.888071540  61.93855667   
  -6.886598590  61.93796921   
  -6.886750220  61.93789673   
  -6.887140270  61.93799591   
  -6.887194630  61.93795013   
  -6.884827610  61.93720627   
  -6.881428720  61.93569565   
  -6.879934790  61.93582535   
  -6.879261970  61.93579865   
  -6.879261970  61.93579865   
  -6.879261970  61.93579865   
