  -6.707535740  62.23327637   
  -6.707360270  62.23328018   
  -6.702946190  62.23202133   
  -6.700554370  62.23082352   
  -6.699612620  62.23057556   
  -6.698476790  62.22980118   
  -6.695451260  62.22841263   
  -6.692597870  62.22679520   
  -6.688964840  62.22578430   
  -6.686093810  62.22515106   
  -6.681188580  62.22440338   
  -6.676856520  62.22375870   
  -6.669721600  62.22355652   
  -6.665218350  62.22416306   
  -6.662507060  62.22493362   
  -6.662147050  62.22488403   
  -6.661962030  62.22498703   
  -6.661998270  62.22514343   
  -6.660027980  62.22625732   
  -6.659088130  62.22748184   
  -6.658510210  62.22888184   
  -6.658148290  62.22905350   
  -6.658084390  62.22923279   
  -6.658527850  62.22949219   
  -6.658549310  62.23144913   
  -6.658822540  62.23165131   
  -6.658675670  62.23178482   
  -6.658850190  62.23379898   
  -6.658488270  62.23499680   
  -6.658407690  62.23702621   
  -6.658516410  62.23884964   
  -6.658704760  62.24004745   
  -6.659364220  62.24172211   
  -6.660885810  62.24318314   
  -6.662379260  62.24425888   
  -6.663025380  62.24496841   
  -6.663497450  62.24541092   
  -6.664047240  62.24572372   
  -6.663992400  62.24585724   
  -6.663653370  62.24596024   
  -6.663783070  62.24605179   
  -6.664144990  62.24594879   
  -6.665030000  62.24638748   
  -6.668689250  62.24550629   
  -6.668788910  62.24561691   
  -6.665167810  62.24649811   
  -6.666333680  62.24740601   
  -6.667949200  62.24862671   
  -6.669145580  62.24969864   
  -6.671466830  62.25098419   
  -6.673536780  62.25189209   
  -6.675534250  62.25259018   
  -6.678219320  62.25351334   
  -6.679564000  62.25426483   
  -6.681243900  62.25526047   
  -6.682799340  62.25652695   
  -6.683506010  62.25743866   
  -6.683541300  62.25767899   
  -6.683947560  62.25785828   
  -6.684363840  62.25840378   
  -6.684739590  62.25848007   
  -6.684944630  62.25884247   
  -6.685701370  62.25912476   
  -6.686250690  62.25970078   
  -6.686641690  62.25969696   
  -6.688027860  62.26087189   
  -6.688961030  62.26139069   
  -6.690557480  62.26243210   
  -6.690608500  62.26269150   
  -6.690906050  62.26285934   
  -6.690461160  62.26283264   
  -6.690490720  62.26292419   
  -6.690927980  62.26295090   
  -6.691311360  62.26297379   
  -6.692315100  62.26333237   
  -6.692511560  62.26360321   
  -6.693069930  62.26380920   
  -6.693925860  62.26448822   
  -6.694270130  62.26452255   
  -6.694399830  62.26464081   
  -6.694154260  62.26472855   
  -6.694689270  62.26501465   
  -6.694634440  62.26504898   
  -6.695177080  62.26530838   
  -6.695030210  62.26541519   
  -6.695068840  62.26546860   
  -6.694829940  62.26556396   
  -6.694967750  62.26562881   
  -6.695321560  62.26553726   
  -6.695427890  62.26558304   
  -6.695290570  62.26564407   
  -6.695519450  62.26572037   
  -6.695651050  62.26571274   
  -6.695662500  62.26604462   
  -6.695997710  62.26649857   
  -6.696387770  62.26673889   
  -6.697083000  62.26798248   
  -6.697312360  62.26934052   
  -6.697749140  62.27036285   
  -6.697550300  62.27046967   
  -6.697556020  62.27064896   
  -6.697211740  62.27227783   
  -6.697120190  62.27314758   
  -6.697314740  62.27473831   
  -6.697541710  62.27492142   
  -6.697354790  62.27504349   
  -6.697773930  62.27627182   
  -6.698463920  62.27705765   
  -6.699179650  62.27671814   
  -6.699310780  62.27672195   
  -6.698638440  62.27714157   
  -6.699208260  62.27788544   
  -6.700486660  62.27881622   
  -6.701068400  62.27899551   
  -6.701910970  62.27944946   
  -6.701916220  62.27955627   
  -6.702320580  62.27971649   
  -6.704134940  62.28084946   
  -6.704859260  62.28111267   
  -6.705733780  62.28198242   
  -6.706277370  62.28284454   
  -6.706589700  62.28292084   
  -6.706533910  62.28307343   
  -6.706675530  62.28318405   
  -6.707204820  62.28329849   
  -6.708278660  62.28378296   
  -6.708762650  62.28416061   
  -6.710095410  62.28486252   
  -6.711390970  62.28613281   
  -6.711956500  62.28663635   
  -6.712124350  62.28671265   
  -6.712963580  62.28744507   
  -6.713481430  62.28831482   
  -6.714952470  62.28905869   
  -6.715190890  62.28904343   
  -6.715470790  62.28891373   
  -6.715303420  62.28913498   
  -6.715748310  62.28954697   
  -6.716304780  62.28981400   
  -6.716710570  62.28990173   
  -6.718293670  62.29080200   
  -6.718404770  62.29090881   
  -6.718325140  62.29104233   
  -6.719133850  62.29174805   
  -6.720699790  62.29304886   
  -6.720928670  62.29313278   
  -6.720728870  62.29342651   
  -6.722228530  62.29494095   
  -6.723771100  62.29622269   
  -6.726632600  62.29779816   
  -6.726849080  62.29812622   
  -6.727040290  62.29817200   
  -6.727370740  62.29818726   
  -6.728861330  62.29909134   
  -6.728811740  62.29926300   
  -6.729271890  62.29932404   
  -6.730092050  62.30016327   
  -6.730522160  62.30021286   
  -6.730766300  62.30040741   
  -6.730751040  62.30071259   
  -6.731170180  62.30096054   
  -6.731507300  62.30132675   
  -6.731849670  62.30118942   
  -6.732003210  62.30120087   
  -6.732055190  62.30127335   
  -6.731636520  62.30145264   
  -6.731587410  62.30154419   
  -6.733349320  62.30304337   
  -6.734265800  62.30417252   
  -6.734113220  62.30448532   
  -6.734343530  62.30457687   
  -6.735486030  62.30441666   
  -6.735530850  62.30446243   
  -6.734585760  62.30466461   
  -6.734406950  62.30478668   
  -6.734486100  62.30503845   
  -6.735567090  62.30598068   
  -6.735625270  62.30615997   
  -6.735901830  62.30620193   
  -6.737412930  62.30719757   
  -6.737712860  62.30720901   
  -6.737956520  62.30741119   
  -6.738133910  62.30741501   
  -6.738058570  62.30728912   
  -6.738227370  62.30730057   
  -6.739508630  62.30794144   
  -6.740496160  62.30815506   
  -6.740777970  62.30835724   
  -6.741221430  62.30964661   
  -6.742522720  62.31226349   
  -6.742496490  62.31312561   
  -6.743127350  62.31500244   
  -6.745063300  62.31711960   
  -6.745052340  62.31726074   
  -6.745475770  62.31733322   
  -6.746849060  62.31755066   
  -6.748013970  62.31898117   
  -6.748503210  62.31917572   
  -6.748856540  62.31997299   
  -6.749289990  62.32029343   
  -6.749811170  62.32037354   
  -6.750435350  62.32069778   
  -6.750911710  62.32080460   
  -6.751185420  62.32130432   
  -6.751775260  62.32186127   
  -6.751966000  62.32271576   
  -6.752312660  62.32277679   
  -6.753152850  62.32388687   
  -6.754168990  62.32428741   
  -6.754361150  62.32427216   
  -6.754509450  62.32417679   
  -6.755239490  62.32319260   
  -6.755256180  62.32270813   
  -6.755565640  62.32267761   
  -6.755366800  62.32329178   
  -6.754686360  62.32418823   
  -6.754652020  62.32435989   
  -6.755088330  62.32452011   
  -6.755702020  62.32584000   
  -6.755850790  62.32643509   
  -6.755651000  62.32678223   
  -6.755594730  62.32694244   
  -6.756023880  62.32739639   
  -6.756379130  62.32817459   
  -6.756447790  62.32888794   
  -6.756738190  62.32942200   
  -6.757028580  62.32975006   
  -6.757382870  62.32997131   
  -6.758226390  62.33004761   
  -6.759966850  62.33123398   
  -6.760194780  62.33185577   
  -6.760855670  62.33205414   
  -6.762062070  62.33294678   
  -6.762641910  62.33325195   
  -6.762802600  62.33391953   
  -6.762861730  62.33411026   
  -6.763184070  62.33455276   
  -6.763065810  62.33526230   
  -6.763146880  62.33564758   
  -6.764045720  62.33576965   
  -6.764215470  62.33652878   
  -6.764916420  62.33650208   
  -6.764980320  62.33657455   
  -6.764450550  62.33663940   
  -6.764182570  62.33670807   
  -6.764185430  62.33682251   
  -6.764404300  62.33689880   
  -6.764630790  62.33798218   
  -6.764361860  62.33803940   
  -6.764427190  62.33811951   
  -6.765305040  62.33836746   
  -6.765207290  62.33864594   
  -6.764895920  62.33862305   
  -6.765025140  62.33880234   
  -6.766296860  62.33949661   
  -6.766655920  62.33986282   
  -6.766584870  62.34032822   
  -6.765415670  62.34069443   
  -6.765364650  62.34104538   
  -6.765725140  62.34095383   
  -6.765970230  62.34093094   
  -6.766275410  62.34106064   
  -6.766135690  62.34132767   
  -6.766040330  62.34146881   
  -6.766147140  62.34166718   
  -6.766103270  62.34173965   
  -6.766237740  62.34187698   
  -6.766172890  62.34197617   
  -6.766183380  62.34209061   
  -6.766551020  62.34221268   
  -6.767090800  62.34246445   
  -6.767588620  62.34314728   
  -6.767855170  62.34403229   
  -6.767414090  62.34419632   
  -6.767384530  62.34428406   
  -6.767513280  62.34442139   
  -6.767869000  62.34447098   
  -6.768393040  62.34466934   
  -6.768261430  62.34571838   
  -6.768322940  62.34592438   
  -6.768983840  62.34685898   
  -6.768586160  62.34693527   
  -6.768572330  62.34701538   
  -6.768727300  62.34706116   
  -6.769086360  62.34714890   
  -6.769377710  62.34733200   
  -6.769552230  62.34774017   
  -6.770065780  62.34815979   
  -6.769982810  62.34847260   
  -6.770149710  62.34859467   
  -6.770311360  62.34863281   
  -6.770555020  62.34851837   
  -6.770636080  62.34862900   
  -6.770462990  62.34879684   
  -6.770525460  62.34907532   
  -6.771010400  62.34975815   
  -6.771139620  62.35046005   
  -6.771295550  62.35049820   
  -6.771372800  62.35073090   
  -6.771574500  62.35079956   
  -6.771698950  62.35109711   
  -6.771994110  62.35134506   
  -6.772240160  62.35138321   
  -6.772369380  62.35152054   
  -6.772585870  62.35157013   
  -6.772776600  62.35150146   
  -6.773024080  62.35149384   
  -6.773290630  62.35139084   
  -6.776578900  62.35166168   
  -6.777382370  62.35245514   
  -6.777324680  62.35257721   
  -6.776722910  62.35258865   
  -6.776184080  62.35287476   
  -6.776017190  62.35319519   
  -6.776599410  62.35381699   
  -6.776986120  62.35383987   
  -6.776980880  62.35388565   
  -6.776805400  62.35398102   
  -6.776884080  62.35425186   
  -6.776506900  62.35454178   
  -6.775781630  62.35480881   
  -6.775545120  62.35513687   
  -6.775655750  62.35622406   
  -6.775533200  62.35628510   
  -6.776419160  62.35842133   
  -6.776660920  62.35823441   
  -6.777164940  62.35857391   
  -6.777164940  62.35857391   
  -6.777484890  62.35895920   
  -6.778876300  62.35974121   
  -6.779151920  62.35970306   
  -6.783966540  62.36137772   
  -6.784181590  62.36179352   
  -6.785837650  62.36219025   
  -6.786707400  62.36258698   
  -6.787035940  62.36272049   
  -6.787556170  62.36281586   
  -6.787714480  62.36318970   
  -6.788486480  62.36370468   
  -6.788963790  62.36536407   
  -6.789622780  62.36541748   
  -6.790249350  62.36570740   
  -6.790313720  62.36582565   
  -6.790878770  62.36611176   
  -6.791515830  62.36620331   
  -6.792009350  62.36669540   
  -6.792675970  62.36701202   
  -6.792786120  62.36732864   
  -6.794385910  62.36810684   
  -6.794547560  62.36809158   
  -6.795307160  62.36814880   
  -6.795554160  62.36846542   
  -6.795673850  62.36854935   
  -6.796675210  62.36870956   
  -6.796945100  62.36895752   
  -6.797342300  62.36907959   
  -6.797538280  62.36941528   
  -6.799206730  62.37017822   
  -6.799572470  62.37022781   
  -6.799933430  62.37017822   
  -6.800618650  62.37011719   
  -6.800786020  62.37026596   
  -6.801259520  62.37034607   
  -6.801244740  62.37038803   
  -6.800853730  62.37044525   
  -6.800188060  62.37064362   
  -6.801385400  62.37189865   
  -6.805038450  62.37239838   
  -6.808466430  62.37261200   
  -6.809141640  62.37247849   
  -6.809374330  62.37199020   
  -6.810075760  62.37144470   
  -6.810538770  62.37102890   
  -6.810608860  62.37104797   
  -6.810190680  62.37148285   
  -6.810082910  62.37168503   
  -6.810113430  62.37192917   
  -6.810338970  62.37197113   
  -6.811303140  62.37171555   
  -6.811303140  62.37171555   
  -6.811450480  62.37173462   
  -6.811063770  62.37197113   
  -6.811112400  62.37223434   
  -6.812726020  62.37250900   
  -6.812719350  62.37228394   
  -6.813081740  62.37201309   
  -6.814065460  62.37188339   
  -6.815504070  62.37193298   
  -6.816101070  62.37178040   
  -6.816194060  62.37159348   
  -6.816070080  62.37133026   
  -6.815443040  62.37097168   
  -6.814406390  62.37070465   
  -6.813860420  62.37031937   
  -6.813880440  62.37025452   
  -6.814733510  62.37030411   
  -6.814481260  62.37015915   
  -6.814064030  62.36996078   
  -6.813893800  62.36967087   
  -6.813643460  62.36910248   
  -6.813149450  62.36763000   
  -6.813139440  62.36684036   
  -6.813414100  62.36630630   
  -6.813787940  62.36616135   
  -6.815234660  62.36649704   
  -6.815503120  62.36668777   
  -6.816540240  62.36699295   
  -6.816740510  62.36695099   
  -6.816944120  62.36630630   
  -6.816724780  62.36602783   
  -6.815851210  62.36551666   
  -6.815554140  62.36513519   
  -6.815445900  62.36468506   
  -6.815735820  62.36428833   
  -6.816031930  62.36417389   
  -6.816884040  62.36450195   
  -6.817229750  62.36445236   
  -6.817253590  62.36423111   
  -6.817039490  62.36406326   
  -6.816350940  62.36399078   
  -6.815970900  62.36374283   
  -6.815324780  62.36281586   
  -6.815726760  62.36167145   
  -6.814322470  62.36099625   
  -6.813891410  62.36049652   
  -6.813907150  62.35984802   
  -6.813364030  62.35926437   
  -6.813862320  62.35913849   
  -6.813862320  62.35913849   
  -6.814088340  62.35898209   
  -6.813885690  62.35863495   
  -6.813042640  62.35789490   
  -6.812721730  62.35726166   
  -6.812319760  62.35702133   
  -6.810983660  62.35482788   
  -6.810183530  62.35320663   
  -6.809870720  62.35238647   
  -6.810100560  62.35186005   
  -6.810354710  62.35163116   
  -6.810173990  62.35148239   
  -6.809811120  62.35153198   
  -6.809406280  62.35165024   
  -6.809298040  62.35136032   
  -6.810068610  62.35110474   
  -6.809485910  62.34973907   
  -6.809223650  62.34957504   
  -6.808735850  62.34952927   
  -6.808658600  62.34921646   
  -6.808179860  62.34878540   
  -6.808740620  62.34869385   
  -6.808788780  62.34846115   
  -6.808996680  62.34825897   
  -6.808594230  62.34819031   
  -6.808559890  62.34812546   
  -6.809334280  62.34797668   
  -6.809372430  62.34793472   
  -6.809216020  62.34785080   
  -6.807532790  62.34761810   
  -6.806716440  62.34718323   
  -6.806194780  62.34704590   
  -6.802761550  62.34752274   
  -6.802569390  62.34753799   
  -6.802829740  62.34746170   
  -6.805954460  62.34698105   
  -6.805678370  62.34675980   
  -6.805656430  62.34637451   
  -6.805258750  62.34600067   
  -6.804738040  62.34585571   
  -6.804454800  62.34547424   
  -6.803845880  62.34498215   
  -6.803837300  62.34470367   
  -6.804221630  62.34444046   
  -6.803841590  62.34387589   
  -6.803511140  62.34366608   
  -6.803311820  62.34297943   
  -6.803043370  62.34282303   
  -6.803144450  62.34262466   
  -6.804082390  62.34247971   
  -6.805514340  62.34239578   
  -6.805737500  62.34235382   
  -6.805401800  62.34200668   
  -6.804853440  62.34176254   
  -6.804151060  62.34175491   
  -6.804043290  62.34122086   
  -6.803693290  62.34019089   
  -6.802833560  62.33916473   
  -6.802253720  62.33761215   
  -6.800754550  62.33608627   
  -6.798871520  62.33413696   
  -6.797739980  62.33299637   
  -6.796665670  62.33071518   
  -6.796392920  62.32987595   
  -6.795543190  62.32858658   
  -6.794599530  62.32734299   
  -6.792799470  62.32621765   
  -6.790132050  62.32476425   
  -6.789424900  62.32408905   
  -6.789157390  62.32368088   
  -6.787911890  62.32258606   
  -6.787210460  62.32159424   
  -6.787017820  62.32159042   
  -6.786674500  62.32121658   
  -6.786595340  62.32090378   
  -6.785288330  62.31930923   
  -6.783859250  62.31748199   
  -6.782344340  62.31535721   
  -6.781678680  62.31357574   
  -6.781451230  62.31341171   
  -6.779529570  62.31137085   
  -6.776982310  62.30849075   
  -6.775449750  62.30701065   
  -6.773267750  62.30523300   
  -6.772898670  62.30526352   
  -6.773115630  62.30509567   
  -6.770529270  62.30362701   
  -6.770490650  62.30342102   
  -6.768315320  62.30231857   
  -6.768070700  62.30212402   
  -6.767570020  62.30188370   
  -6.766394620  62.30123520   
  -6.766263010  62.30124283   
  -6.766098980  62.30134964   
  -6.765615940  62.30094528   
  -6.764577870  62.30047989   
  -6.763654230  62.30029297   
  -6.763144970  62.30000687   
  -6.761314390  62.29935837   
  -6.760914330  62.29908371   
  -6.759698870  62.29869461   
  -6.759698870  62.29869461   
  -6.758301260  62.29782867   
  -6.757964130  62.29782104   
  -6.758042340  62.29765320   
  -6.756941800  62.29689026   
  -6.756841660  62.29691696   
  -6.756537910  62.29655838   
  -6.756513600  62.29655075   
  -6.756201270  62.29644775   
  -6.756001950  62.29609299   
  -6.754933830  62.29523087   
  -6.754513740  62.29465866   
  -6.754310610  62.29404449   
  -6.753200530  62.29302979   
  -6.752327440  62.29242325   
  -6.752390860  62.29229736   
  -6.750528340  62.29085159   
  -6.749559880  62.29005432   
  -6.748624320  62.28910446   
  -6.747077470  62.28763199   
  -6.746625900  62.28709793   
  -6.746692660  62.28689957   
  -6.746394160  62.28676987   
  -6.744124410  62.28491974   
  -6.742084980  62.28342056   
  -6.741622450  62.28274918   
  -6.740650180  62.28214264   
  -6.740358350  62.28207397   
  -6.739101410  62.28109360   
  -6.738918780  62.28067398   
  -6.738276960  62.28046799   
  -6.737662320  62.28005219   
  -6.737371440  62.27959061   
  -6.735891340  62.27863312   
  -6.734752180  62.27791214   
  -6.733153820  62.27715302   
  -6.730973240  62.27587509   
  -6.729498390  62.27503586   
  -6.727899550  62.27386856   
  -6.725310330  62.27230072   
  -6.723465440  62.27118301   
  -6.722901340  62.27089691   
  -6.722518920  62.27079773   
  -6.721149920  62.26948166   
  -6.721051690  62.26940918   
  -6.720684530  62.26934052   
  -6.719992640  62.26950073   
  -6.719923500  62.26944351   
  -6.720653060  62.26927948   
  -6.720541000  62.26887131   
  -6.719388010  62.26814270   
  -6.717896940  62.26698685   
  -6.716869350  62.26593018   
  -6.715893270  62.26510620   
  -6.713383200  62.26517105   
  -6.713359360  62.26507950   
  -6.715770720  62.26501083   
  -6.715307240  62.26436615   
  -6.714989190  62.26358032   
  -6.714927670  62.26271820   
  -6.715113160  62.26131058   
  -6.715127940  62.26012421   
  -6.715167050  62.25902176   
  -6.715428350  62.25892639   
  -6.715421200  62.25872040   
  -6.715239520  62.25851822   
  -6.715361600  62.25728989   
  -6.715155120  62.25717163   
  -6.712831500  62.25697327   
  -6.712864880  62.25686264   
  -6.713961120  62.25696182   
  -6.714159970  62.25690460   
  -6.715386390  62.25709534   
  -6.715565200  62.25688934   
  -6.715529920  62.25613785   
  -6.715886590  62.25448227   
  -6.716066360  62.25286865   
  -6.716548440  62.25092697   
  -6.717039110  62.24882507   
  -6.717755790  62.24705887   
  -6.718263630  62.24663544   
  -6.718641280  62.24434280   
  -6.718651770  62.24267197   
  -6.719007970  62.24104309   
  -6.718797210  62.23924255   
  -6.717957500  62.23845673   
  -6.718105790  62.23812866   
  -6.716650010  62.23706055   
  -6.715862750  62.23647308   
  -6.714899540  62.23608017   
  -6.713465210  62.23630905   
  -6.713403700  62.23620987   
  -6.714639660  62.23597717   
  -6.710349560  62.23447037   
  -6.710311410  62.23436356   
  -6.709652900  62.23424530   
  -6.709348200  62.23397064   
  -6.707725050  62.23359299   
  -6.707535740  62.23327637
