  -7.002430440  61.99969101   
  -7.004678250  61.99998093   
  -7.005249500  61.99989319   
  -7.005986690  62.00009155   
  -7.006306650  62.00007629   
  -7.006485940  61.99993515   
  -7.006358150  61.99984360   
  -7.006475930  61.99974060   
  -7.007416250  62.00004959   
  -7.007978920  62.00009155   
  -7.008136270  61.99987030   
  -7.007781510  61.99963379   
  -7.007870670  61.99955368   
  -7.010173800  61.99984741   
  -7.010372640  61.99969482   
  -7.009814260  61.99932861   
  -7.009604930  61.99876022   
  -7.009879590  61.99871063   
  -7.010015010  61.99850464   
  -7.009415630  61.99791336   
  -7.008977890  61.99771881   
  -7.008785720  61.99732971   
  -7.008908270  61.99732208   
  -7.009183880  61.99751663   
  -7.009320740  61.99747086   
  -7.009052280  61.99710846   
  -7.009355550  61.99702454   
  -7.009420390  61.99693680   
  -7.008427620  61.99631882   
  -7.008506300  61.99581909   
  -7.008929730  61.99549866   
  -7.009019370  61.99529648   
  -7.007405760  61.99497604   
  -7.006476400  61.99455643   
  -7.005334850  61.99420166   
  -7.004965780  61.99400711   
  -7.003568170  61.99371719   
  -7.003590110  61.99337387   
  -7.003380300  61.99311066   
  -7.002374170  61.99252319   
  -7.002049450  61.99206161   
  -7.002202510  61.99115372   
  -7.002177720  61.99094772   
  -7.001235960  61.99075699   
  -7.000367640  61.99071503   
  -6.998919010  61.99032593   
  -6.996858600  61.98998260   
  -6.996165280  61.98966599   
  -6.994353290  61.98937988   
  -6.992327210  61.98926926   
  -6.991790290  61.98907471   
  -6.991309640  61.98892212   
  -6.990445610  61.98876572   
  -6.988015650  61.98870468   
  -6.985980030  61.98821640   
  -6.984443660  61.98774338   
  -6.982289790  61.98731995   
  -6.981844430  61.98712540   
  -6.980816840  61.98690033   
  -6.979263310  61.98651886   
  -6.979229450  61.98645782   
  -6.979333880  61.98640442   
  -6.979636190  61.98648071   
  -6.979709630  61.98640823   
  -6.977807520  61.98579025   
  -6.977700710  61.98595810   
  -6.975690360  61.98532867   
  -6.974920750  61.98521805   
  -6.973378660  61.98461151   
  -6.973365310  61.98449326   
  -6.972696780  61.98421478   
  -6.971216200  61.98342896   
  -6.969989780  61.98266602   
  -6.968228820  61.98159027   
  -6.967549800  61.98106766   
  -6.966580390  61.98060608   
  -6.964509010  61.97975540   
  -6.961698060  61.97823334   
  -6.960646630  61.97780609   
  -6.960255150  61.97757339   
  -6.959560870  61.97726059   
  -6.958117490  61.97663498   
  -6.958143230  61.97650909   
  -6.957258700  61.97601318   
  -6.957005020  61.97598267   
  -6.956488130  61.97551727   
  -6.956230640  61.97540665   
  -6.956062320  61.97541046   
  -6.956059460  61.97553635   
  -6.955900670  61.97557068   
  -6.955977920  61.97578812   
  -6.955871110  61.97581100   
  -6.955596450  61.97544098   
  -6.955345630  61.97545624   
  -6.955142970  61.97539902   
  -6.955272200  61.97518539   
  -6.955201150  61.97512817   
  -6.955296040  61.97499466   
  -6.954963210  61.97491837   
  -6.954828260  61.97462845   
  -6.954499240  61.97464371   
  -6.954267020  61.97491837   
  -6.953960900  61.97512817   
  -6.953960900  61.97512817   
  -6.954190730  61.97531128   
  -6.953934670  61.97574615   
  -6.954159260  61.97584152   
  -6.953901770  61.97592545   
  -6.954000000  61.97622299   
  -6.954488280  61.97660065   
  -6.954406260  61.97665405   
  -6.955037120  61.97726440   
  -6.954853060  61.97742462   
  -6.956538680  61.97803879   
  -6.956449510  61.97809219   
  -6.955974580  61.97789001   
  -6.955677990  61.97812653   
  -6.955809590  61.97875595   
  -6.956435200  61.97921371   
  -6.956357480  61.97924042   
  -6.955936910  61.97904587   
  -6.955784800  61.97907257   
  -6.956508160  61.98009491   
  -6.957760330  61.98109436   
  -6.958479400  61.98181534   
  -6.959316250  61.98245621   
  -6.961108210  61.98283005   
  -6.961011410  61.98288345   
  -6.960346700  61.98274994   
  -6.960166930  61.98283386   
  -6.961029530  61.98318100   
  -6.960890290  61.98329544   
  -6.961329940  61.98337173   
  -6.961656570  61.98368454   
  -6.961493970  61.98380661   
  -6.961892600  61.98455048   
  -6.961740970  61.98479080   
  -6.962271210  61.98503113   
  -6.962295530  61.98540878   
  -6.962710860  61.98545074   
  -6.962880130  61.98531723   
  -6.963129520  61.98521423   
  -6.963252540  61.98525238   
  -6.963771820  61.98522186   
  -6.964776040  61.98542786   
  -6.965635300  61.98582458   
  -6.965627670  61.98599625   
  -6.965708260  61.98610687   
  -6.965961930  61.98613739   
  -6.965995310  61.98620987   
  -6.965830800  61.98629379   
  -6.965842720  61.98640442   
  -6.966211800  61.98645401   
  -6.966564180  61.98678207   
  -6.966550830  61.98686218   
  -6.966838840  61.98712921   
  -6.967055320  61.98720169   
  -6.966926570  61.98741531   
  -6.967087270  61.98743820   
  -6.967168330  61.98733902   
  -6.967099670  61.98733902   
  -6.967141150  61.98723221   
  -6.967245100  61.98718643   
  -6.967337610  61.98717880   
  -6.967289920  61.98746490   
  -6.967420100  61.98806000   
  -6.967644690  61.98812866   
  -6.967420100  61.98840332   
  -6.967378620  61.98908234   
  -6.967881680  61.98938751   
  -6.968227390  61.98943710   
  -6.968133930  61.98952484   
  -6.968712330  61.98964310   
  -6.968848230  61.98963547   
  -6.969052310  61.98972702   
  -6.968844890  61.98988724   
  -6.969209670  61.99019623   
  -6.969291690  61.99017334   
  -6.969400410  61.99072266   
  -6.969847200  61.99117661   
  -6.972005370  61.99203491   
  -6.974614620  61.99288177   
  -6.976466180  61.99361038   
  -6.978237630  61.99456787   
  -6.979072570  61.99490356   
  -6.979826450  61.99534607   
  -6.980032440  61.99554825   
  -6.980725770  61.99580765   
  -6.981040950  61.99618149   
  -6.982603070  61.99658203   
  -6.985246180  61.99713135   
  -6.986473080  61.99732208   
  -6.988646030  61.99781799   
  -6.990793700  61.99858475   
  -6.991659160  61.99895859   
  -6.992303370  61.99914551   
  -6.994952200  61.99929428   
  -6.997258190  61.99948883   
  -6.997580530  61.99935150   
  -6.997734070  61.99933243   
  -6.997849940  61.99952316   
  -7.000734330  61.99980927   
  -7.001364710  61.99968338   
  -7.002430440  61.99969101   
  -7.002430440  61.99969101 
