  -6.722868920  61.63133240   
  -6.722827910  61.63127899   
  -6.722760680  61.63124084   
  -6.722560410  61.63116455   
  -6.721923350  61.63105392   
  -6.721090320  61.63096237   
  -6.720195770  61.63088226   
  -6.719567300  61.63078308   
  -6.719600200  61.63072205   
  -6.719830510  61.63058853   
  -6.719775200  61.63047028   
  -6.719621180  61.63037872   
  -6.719379430  61.63035965   
  -6.719042780  61.63031769   
  -6.718683240  61.63043594   
  -6.718384270  61.63057327   
  -6.718111520  61.63056183   
  -6.717365740  61.63038635   
  -6.716209410  61.63004303   
  -6.715020180  61.62963867   
  -6.714319230  61.62944794   
  -6.714092730  61.62944412   
  -6.713741300  61.62955475   
  -6.713397980  61.62983704   
  -6.712994100  61.62993622   
  -6.712708470  61.63011932   
  -6.712793830  61.63024902   
  -6.713069440  61.63032532   
  -6.712960720  61.63038635   
  -6.712620740  61.63041687   
  -6.712079520  61.63039017   
  -6.711354730  61.63020706   
  -6.710618020  61.62995911   
  -6.709843160  61.62972260   
  -6.708902840  61.62968063   
  -6.708422180  61.62961960   
  -6.707361220  61.62939453   
  -6.706557270  61.62929153   
  -6.705472950  61.62928009   
  -6.704641820  61.62914276   
  -6.703465460  61.62894058   
  -6.702470780  61.62874603   
  -6.702129360  61.62876511   
  -6.702114580  61.62896347   
  -6.702237130  61.62927246   
  -6.702147960  61.62943268   
  -6.701652530  61.62955093   
  -6.701396470  61.62953568   
  -6.700861450  61.62952805   
  -6.700552940  61.62953949   
  -6.700487140  61.62963867   
  -6.700456620  61.62984467   
  -6.700165270  61.62998199   
  -6.699615960  61.63010788   
  -6.698845390  61.63034439   
  -6.698533540  61.63055801   
  -6.698345180  61.63075256   
  -6.698359010  61.63094711   
  -6.698113920  61.63106918   
  -6.698071480  61.63116074   
  -6.698388100  61.63134384   
  -6.698344710  61.63164902   
  -6.698389530  61.63188171   
  -6.698471070  61.63205338   
  -6.698712830  61.63207626   
  -6.698694230  61.63217545   
  -6.698657040  61.63232040   
  -6.698923590  61.63243866   
  -6.698900220  61.63262939   
  -6.699066160  61.63262939   
  -6.699098110  61.63278580   
  -6.699309350  61.63275909   
  -6.699213500  61.63291168   
  -6.699183940  61.63308334   
  -6.699347970  61.63330841   
  -6.699595450  61.63333130   
  -6.699595450  61.63333130   
  -6.699694160  61.63350296   
  -6.699549200  61.63354492   
  -6.699600220  61.63360214   
  -6.699583050  61.63380814   
  -6.699666980  61.63397217   
  -6.699898720  61.63402939   
  -6.699940200  61.63412857   
  -6.699772360  61.63417816   
  -6.699641230  61.63423920   
  -6.699706080  61.63451004   
  -6.699851990  61.63496017   
  -6.700049400  61.63512802   
  -6.700267310  61.63513947   
  -6.700478080  61.63516998   
  -6.700676440  61.63529968   
  -6.701208590  61.63555145   
  -6.701665400  61.63581085   
  -6.702192780  61.63599777   
  -6.702685830  61.63594437   
  -6.703056340  61.63591385   
  -6.703208450  61.63607788   
  -6.703365330  61.63627625   
  -6.703930380  61.63667297   
  -6.704618450  61.63719559   
  -6.705525880  61.63766098   
  -6.705811020  61.63771057   
  -6.706045630  61.63768005   
  -6.706259730  61.63761902   
  -6.706523420  61.63764954   
  -6.706810470  61.63761902   
  -6.707016940  61.63756180   
  -6.707301620  61.63759232   
  -6.707419400  61.63750458   
  -6.707654950  61.63746262   
  -6.707934380  61.63745880   
  -6.708147050  61.63741684   
  -6.708448890  61.63739395   
  -6.708849910  61.63738632   
  -6.708969120  61.63740540   
  -6.709178920  61.63742447   
  -6.709286690  61.63737488   
  -6.709431170  61.63735962   
  -6.710087300  61.63737106   
  -6.710630890  61.63734436   
  -6.710947990  61.63734818   
  -6.711495400  61.63742065   
  -6.711839200  61.63749695   
  -6.712088580  61.63751984   
  -6.712242130  61.63745880   
  -6.712412830  61.63731766   
  -6.712746140  61.63710022   
  -6.713183880  61.63690186   
  -6.713429450  61.63661575   
  -6.713472370  61.63631058   
  -6.713395120  61.63600540   
  -6.713197710  61.63566208   
  -6.713134770  61.63551712   
  -6.713319300  61.63544846   
  -6.713525770  61.63538742   
  -6.713934900  61.63531494   
  -6.714460370  61.63523483   
  -6.714850430  61.63523865   
  -6.715201380  61.63534546   
  -6.715405460  61.63533783   
  -6.715554240  61.63518906   
  -6.715658660  61.63502884   
  -6.715862750  61.63486862   
  -6.716540340  61.63471985   
  -6.716806410  61.63467026   
  -6.717415330  61.63450241   
  -6.718401910  61.63417816   
  -6.718987940  61.63403320   
  -6.719473360  61.63397980   
  -6.719819550  61.63399506   
  -6.720119000  61.63407898   
  -6.720164780  61.63425064   
  -6.720227720  61.63436890   
  -6.720360280  61.63441467   
  -6.720453740  61.63435364   
  -6.720512390  61.63422012   
  -6.720558640  61.63400650   
  -6.720689770  61.63391876   
  -6.720932960  61.63389587   
  -6.721102710  61.63396835   
  -6.721189020  61.63407898   
  -6.721289630  61.63422394   
  -6.721481800  61.63428116   
  -6.721693990  61.63427734   
  -6.721884250  61.63422394   
  -6.722066880  61.63402939   
  -6.722235200  61.63376617   
  -6.722381590  61.63349915   
  -6.722253800  61.63333511   
  -6.721898080  61.63295746   
  -6.721748830  61.63257980   
  -6.721835140  61.63230133   
  -6.722074030  61.63198471   
  -6.722396850  61.63167572   
  -6.722744940  61.63145447   
  -6.722868920  61.63133240
