  -7.647898670  62.10653305   
  -7.649200440  62.10631180   
  -7.649200440  62.10631180   
  -7.649398800  62.10593796   
  -7.651447300  62.10559845   
  -7.654434680  62.10463715   
  -7.655937190  62.10475922   
  -7.656408790  62.10454178   
  -7.657146930  62.10440445   
  -7.657114980  62.10421753   
  -7.656677250  62.10419464   
  -7.655096050  62.10437775   
  -7.656528950  62.10381699   
  -7.657377240  62.10374451   
  -7.657037260  62.10401917   
  -7.659341810  62.10390472   
  -7.662858010  62.10311508   
  -7.663966660  62.10252380   
  -7.664837360  62.10245132   
  -7.664952750  62.10227203   
  -7.663958070  62.10188675   
  -7.663154130  62.10108566   
  -7.661043170  62.10042953   
  -7.660229680  62.10010910   
  -7.658408160  62.10070038   
  -7.656401160  62.10141754   
  -7.657822610  62.10164642   
  -7.657515050  62.10179520   
  -7.656109810  62.10177231   
  -7.654907700  62.10247803   
  -7.654580120  62.10251999   
  -7.654597760  62.10194778   
  -7.654859070  62.10158920   
  -7.653569700  62.10176468   
  -7.653895850  62.10153580   
  -7.650026800  62.10263062   
  -7.649696830  62.10247421   
  -7.650641440  62.10199738   
  -7.651141170  62.10169601   
  -7.651145460  62.10147476   
  -7.650595660  62.10151291   
  -7.649211880  62.10178757   
  -7.649645810  62.10142136   
  -7.649489880  62.10134888   
  -7.648885730  62.10157776   
  -7.648447040  62.10153580   
  -7.648449420  62.10157394   
  -7.648826600  62.10161209   
  -7.648691650  62.10168457   
  -7.648031710  62.10169601   
  -7.648046970  62.10182953   
  -7.647709850  62.10187149   
  -7.647322180  62.10210037   
  -7.647091870  62.10210800   
  -7.647181510  62.10190201   
  -7.647761820  62.10164642   
  -7.647869590  62.10133362   
  -7.646004200  62.10102081   
  -7.646140100  62.10097504   
  -7.647793290  62.10116196   
  -7.648117070  62.10106659   
  -7.648661140  62.10021210   
  -7.648395540  62.10010910   
  -7.646415710  62.10060120   
  -7.645435810  62.09967422   
  -7.644519330  62.09977341   
  -7.642781260  62.10051346   
  -7.639950750  62.10134506   
  -7.639518740  62.10132217   
  -7.639457700  62.10101700   
  -7.640759940  62.10043716   
  -7.641383650  62.09968185   
  -7.642027380  62.09933853   
  -7.639711380  62.09967422   
  -7.639299870  62.09957886   
  -7.639379980  62.09915924   
  -7.638220310  62.09965134   
  -7.637109760  62.10001755   
  -7.635710720  62.10015488   
  -7.635333060  62.09994507   
  -7.635948180  62.09947586   
  -7.635166650  62.09901047   
  -7.634771820  62.09858322   
  -7.633035180  62.09771347   
  -7.631141660  62.09824371   
  -7.631435870  62.09846878   
  -7.631255150  62.09852982   
  -7.630928520  62.09829330   
  -7.629295830  62.09885406   
  -7.628736020  62.09916306   
  -7.628305440  62.09914780   
  -7.628838540  62.09757233   
  -7.628737450  62.09756470   
  -7.628613000  62.09768677   
  -7.625646590  62.09656143   
  -7.625540260  62.09629440   
  -7.625811100  62.09614182   
  -7.625448700  62.09593964   
  -7.623602870  62.09605026   
  -7.622803210  62.09615707   
  -7.622256280  62.09663773   
  -7.620453830  62.09727478   
  -7.619968890  62.09710693   
  -7.619968890  62.09710693   
  -7.621853830  62.09601212   
  -7.622774600  62.09505463   
  -7.622288230  62.09479523   
  -7.621147630  62.09519958   
  -7.620444300  62.09507370   
  -7.619488240  62.09533310   
  -7.618120190  62.09542847   
  -7.616339680  62.09662247   
  -7.616804600  62.09688950   
  -7.616641520  62.09698486   
  -7.616001130  62.09690475   
  -7.615748410  62.09674072   
  -7.615274910  62.09682846   
  -7.611738680  62.09700012   
  -7.611860280  62.09680939   
  -7.612230780  62.09654617   
  -7.611134050  62.09685898   
  -7.610835550  62.09722137   
  -7.609523300  62.09756088   
  -7.608890060  62.09783173   
  -7.607629300  62.09808731   
  -7.605969430  62.09790039   
  -7.604735850  62.09743881   
  -7.604525570  62.09651184   
  -7.605221750  62.09578323   
  -7.605151650  62.09576416   
  -7.604235650  62.09669876   
  -7.604097370  62.09669876   
  -7.604431150  62.09610748   
  -7.604049210  62.09479523   
  -7.603239060  62.09520721   
  -7.602633000  62.09521866   
  -7.601923470  62.09565353   
  -7.600221630  62.09621048   
  -7.599773410  62.09662628   
  -7.599874020  62.09681702   
  -7.599328520  62.09680176   
  -7.598672390  62.09703827   
  -7.598554130  62.09735107   
  -7.596680640  62.09814072   
  -7.595617290  62.09839630   
  -7.595552920  62.09833527   
  -7.595908160  62.09786224   
  -7.595611570  62.09602737   
  -7.596016410  62.09531403   
  -7.595675470  62.09526443   
  -7.594367500  62.09584427   
  -7.592462060  62.09632874   
  -7.591170790  62.09695053   
  -7.586489680  62.09763336   
  -7.582617760  62.09804916   
  -7.582275870  62.09761429   
  -7.582099440  62.09762192   
  -7.582146640  62.09801102   
  -7.580143930  62.09815216   
  -7.577163220  62.09757233   
  -7.575826170  62.09666824   
  -7.575485230  62.09626007   
  -7.576224800  62.09544373   
  -7.574510570  62.09486771   
  -7.573164940  62.09566498   
  -7.571625710  62.09608841   
  -7.570022580  62.09591675   
  -7.568699360  62.09514236   
  -7.568583490  62.09459305   
  -7.567562100  62.09407043   
  -7.565561290  62.09393311   
  -7.563475130  62.09413528   
  -7.557583810  62.09364319   
  -7.556715490  62.09256744   
  -7.554443840  62.09255981   
  -7.553325180  62.09272766   
  -7.549456120  62.09356689   
  -7.545013900  62.09413147   
  -7.544247630  62.09413147   
  -7.542743680  62.09378433   
  -7.541908740  62.09378433   
  -7.541286950  62.09412766   
  -7.540985110  62.09407043   
  -7.540985580  62.09393692   
  -7.537717820  62.09413528   
  -7.537671090  62.09426880   
  -7.536753180  62.09435654   
  -7.536520960  62.09393311   
  -7.536630630  62.09348679   
  -7.536320690  62.09267426   
  -7.535447600  62.09200287   
  -7.534602640  62.09216309   
  -7.533777710  62.09226990   
  -7.533941750  62.09252548   
  -7.533769130  62.09260178   
  -7.533529760  62.09256363   
  -7.533316140  62.09223175   
  -7.533071990  62.09224701   
  -7.532020090  62.09277344   
  -7.532061100  62.09298706   
  -7.532803060  62.09313202   
  -7.532735350  62.09319305   
  -7.531707760  62.09317398   
  -7.529859070  62.09372711   
  -7.528796200  62.09435272   
  -7.528884890  62.09446335   
  -7.529596330  62.09476852   
  -7.530483250  62.09488297   
  -7.530589580  62.09518051   
  -7.530164720  62.09548950   
  -7.528195380  62.09517288   
  -7.527885440  62.09532166   
  -7.528549190  62.09574509   
  -7.528565410  62.09595871   
  -7.530384060  62.09666061   
  -7.530651090  62.09695816   
  -7.531600480  62.09729385   
  -7.532953260  62.09752274   
  -7.533451080  62.09769058   
  -7.533478260  62.09796143   
  -7.532965180  62.09799194   
  -7.532069210  62.09857178   
  -7.532484530  62.09873962   
  -7.533614640  62.09846497   
  -7.535216330  62.09857941   
  -7.535306930  62.09853745   
  -7.533965110  62.09822464   
  -7.534024240  62.09815216   
  -7.535331250  62.09838486   
  -7.536059860  62.09857178   
  -7.536479470  62.09833145   
  -7.537646290  62.09836197   
  -7.538480280  62.09846878   
  -7.539663790  62.09832001   
  -7.541703220  62.09829712   
  -7.541784290  62.09840775   
  -7.541537280  62.09852982   
  -7.541956420  62.09865189   
  -7.540429590  62.09897614   
  -7.542333130  62.09938049   
  -7.543178080  62.09938049   
  -7.544024470  62.09959793   
  -7.545612340  62.09939957   
  -7.545490260  62.09979248   
  -7.545761110  62.10037994   
  -7.546979430  62.10029984   
  -7.547416210  62.10050201   
  -7.548548700  62.10250092   
  -7.548484330  62.10280609   
  -7.547205450  62.10342026   
  -7.547736640  62.10345078   
  -7.547996040  62.10359955   
  -7.549198150  62.10366440   
  -7.549891000  62.10335922   
  -7.550532340  62.10348892   
  -7.550605300  62.10393143   
  -7.550848010  62.10402298   
  -7.551800730  62.10369110   
  -7.552140240  62.10409164   
  -7.553101060  62.10430908   
  -7.552848340  62.10466385   
  -7.551913740  62.10505676   
  -7.553154470  62.10551834   
  -7.553439620  62.10572815   
  -7.554820540  62.10570908   
  -7.555047040  62.10581970   
  -7.554799080  62.10611343   
  -7.555778980  62.10657883   
  -7.555977340  62.10688782   
  -7.556561950  62.10691833   
  -7.556818010  62.10678101   
  -7.557816510  62.10701370   
  -7.560322760  62.10673523   
  -7.561419490  62.10705185   
  -7.561450480  62.10723877   
  -7.561764240  62.10721588   
  -7.561808110  62.10734177   
  -7.561533450  62.10739517   
  -7.562000270  62.10769653   
  -7.562833790  62.10798264   
  -7.563513280  62.10856247   
  -7.565199380  62.10937881   
  -7.566793440  62.10967636   
  -7.566613670  62.10979080   
  -7.566901210  62.11018753   
  -7.566388610  62.11057663   
  -7.567431930  62.11128998   
  -7.570292950  62.11085129   
  -7.570792680  62.11090088   
  -7.570713520  62.11116028   
  -7.569139000  62.11183548   
  -7.569139000  62.11183548   
  -7.569268700  62.11200714   
  -7.570463180  62.11192322   
  -7.571475980  62.11157227   
  -7.574061390  62.11120605   
  -7.574544430  62.11132812   
  -7.574474330  62.11151505   
  -7.574654100  62.11156082   
  -7.575263020  62.11145020   
  -7.575738430  62.11211014   
  -7.575638290  62.11231613   
  -7.575967310  62.11245346   
  -7.575308800  62.11248398   
  -7.574228760  62.11286545   
  -7.574490070  62.11306000   
  -7.578412060  62.11251450   
  -7.579049110  62.11352539   
  -7.578160290  62.11339188   
  -7.577575680  62.11355591   
  -7.578819270  62.11372375   
  -7.578123090  62.11397552   
  -7.578502180  62.11419678   
  -7.578238490  62.11429977   
  -7.579154490  62.11520767   
  -7.580032830  62.11547852   
  -7.580047130  62.11526108   
  -7.580513950  62.11519241   
  -7.581131460  62.11547852   
  -7.582550530  62.11558151   
  -7.583373070  62.11545563   
  -7.583950520  62.11565018   
  -7.583579540  62.11579895   
  -7.583935260  62.11618042   
  -7.585441110  62.11652756   
  -7.586932180  62.11640930   
  -7.589015960  62.11682510   
  -7.590473650  62.11696625   
  -7.590467930  62.11664200   
  -7.593211650  62.11654663   
  -7.591163160  62.11693573   
  -7.593836780  62.11678314   
  -7.595758910  62.11684036   
  -7.596229550  62.11706161   
  -7.596512320  62.11704636   
  -7.596892830  62.11660767   
  -7.598199370  62.11646271   
  -7.598705290  62.11662674   
  -7.599406240  62.11631012   
  -7.601284500  62.11626816   
  -7.601978300  62.11648178   
  -7.602972980  62.11623001   
  -7.606175420  62.11575317   
  -7.606744290  62.11559677   
  -7.607090470  62.11527634   
  -7.607810020  62.11521149   
  -7.607920650  62.11510468   
  -7.607467650  62.11478424   
  -7.607810020  62.11454773   
  -7.608604430  62.11444855   
  -7.609517100  62.11460114   
  -7.610937120  62.11439896   
  -7.611069200  62.11461639   
  -7.611351490  62.11460114   
  -7.611447810  62.11434174   
  -7.613040450  62.11442947   
  -7.614872460  62.11418533   
  -7.615057470  62.11433411   
  -7.615256790  62.11433411   
  -7.615478040  62.11414719   
  -7.617842200  62.11416245   
  -7.619659420  62.11424255   
  -7.619640830  62.11436081   
  -7.620308880  62.11467361   
  -7.622504230  62.11385727   
  -7.624361040  62.11349106   
  -7.626048090  62.11262894   
  -7.626120570  62.11217117   
  -7.625241280  62.11208344   
  -7.625403880  62.11128616   
  -7.627066610  62.11104965   
  -7.627033710  62.11118317   
  -7.628014090  62.11111450   
  -7.629921910  62.11054611   
  -7.632696150  62.10945511   
  -7.632296090  62.10927963   
  -7.633126740  62.10895538   
  -7.633901600  62.10911560   
  -7.635781760  62.10859299   
  -7.637478830  62.10810852   
  -7.637688640  62.10833359   
  -7.639767650  62.10813141   
  -7.639873980  62.10827637   
  -7.640206810  62.10833359   
  -7.638880730  62.10889435   
  -7.639657970  62.10908127   
  -7.643735890  62.10766602   
  -7.645086290  62.10729599   
  -7.645957470  62.10740280   
  -7.646993640  62.10707092   
  -7.647898670  62.10653305
