  -6.658095840  62.00034332   
  -6.659502980  62.00098038   
  -6.661145210  62.00210190   
  -6.661521910  62.00229645   
  -6.665493010  62.00249863   
  -6.666040900  62.00318146   
  -6.666032310  62.00434113   
  -6.666039470  62.00541687   
  -6.666633130  62.00622940   
  -6.666238310  62.00683975   
  -6.665543560  62.00705338   
  -6.665614130  62.00720596   
  -6.666095730  62.00737762   
  -6.668408870  62.00758743   
  -6.668970110  62.00791931   
  -6.670103550  62.00811005   
  -6.670235160  62.00851440   
  -6.670611860  62.00883484   
  -6.669924260  62.00903320   
  -6.670141700  62.00953674   
  -6.670082570  62.00986099   
  -6.667842860  62.01141357   
  -6.667025570  62.01170349   
  -6.664653780  62.01195908   
  -6.665049080  62.01268387   
  -6.666360380  62.01303101   
  -6.666705610  62.01328659   
  -6.666451930  62.01427841   
  -6.666184430  62.01435471   
  -6.666451930  62.01443481   
  -6.666398530  62.01450348   
  -6.665763380  62.01459122   
  -6.665696140  62.01481628   
  -6.666362760  62.01492691   
  -6.666384700  62.01483536   
  -6.666240690  62.01474380   
  -6.666575430  62.01464081   
  -6.666661740  62.01501083   
  -6.668423650  62.01518631   
  -6.668426040  62.01555252   
  -6.669331070  62.01569366   
  -6.669392590  62.01578522   
  -6.669139860  62.01581573   
  -6.669369220  62.01596451   
  -6.670664310  62.01604843   
  -6.670504090  62.01626968   
  -6.670099740  62.01623535   
  -6.670100210  62.01632690   
  -6.670850280  62.01641846   
  -6.672513480  62.01683426   
  -6.676299570  62.01776123   
  -6.676883220  62.01810074   
  -6.676962850  62.01846313   
  -6.676772120  62.01865768   
  -6.676706310  62.01899719   
  -6.677265170  62.01903534   
  -6.679231170  62.02000046   
  -6.680673600  62.02063751   
  -6.681470390  62.02068710   
  -6.681623940  62.02073288   
  -6.681326390  62.02079773   
  -6.681386470  62.02083588   
  -6.682032110  62.02091980   
  -6.682622910  62.02124405   
  -6.683917520  62.02140808   
  -6.685571190  62.02153397   
  -6.684882640  62.02158737   
  -6.686538700  62.02195740   
  -6.688387390  62.02225494   
  -6.688294410  62.02234268   
  -6.690052510  62.02285767   
  -6.690281390  62.02286148   
  -6.690501690  62.02255249   
  -6.689746380  62.02084351   
  -6.689332010  62.02061081   
  -6.685578820  62.01677704   
  -6.684274200  62.01611710   
  -6.682931420  62.01559830   
  -6.681631570  62.01485062   
  -6.680714610  62.01382065   
  -6.680543420  62.01330566   
  -6.680267330  62.01186371   
  -6.679289340  62.00982666   
  -6.678827290  62.00956726   
  -6.678818700  62.00953293   
  -6.678807260  62.00938034   
  -6.678706170  62.00915146   
  -6.678450580  62.00896835   
  -6.678097250  62.00876617   
  -6.677491190  62.00849533   
  -6.677140710  62.00843430   
  -6.677031990  62.00828171   
  -6.676777840  62.00825882   
  -6.676698210  62.00812149   
  -6.676532270  62.00811768   
  -6.676349160  62.00821304   
  -6.676008220  62.00820160   
  -6.675719740  62.00837326   
  -6.675594330  62.00844574   
  -6.675282480  62.00851822   
  -6.674833770  62.00846863   
  -6.674309250  62.00795746   
  -6.674315450  62.00794601   
  -6.674237250  62.00787354   
  -6.674122330  62.00790024   
  -6.674727440  62.00851059   
  -6.674424170  62.00863266   
  -6.674454210  62.00865936   
  -6.674404140  62.00866699   
  -6.674374100  62.00865555   
  -6.674122330  62.00867844   
  -6.674128530  62.00869751   
  -6.674092290  62.00869751   
  -6.674060340  62.00868988   
  -6.674055580  62.00867844   
  -6.673709870  62.00870132   
  -6.673728940  62.00867462   
  -6.673664090  62.00860214   
  -6.673607350  62.00859070   
  -6.673593520  62.00859833   
  -6.673588750  62.00876236   
  -6.673565860  62.00876236   
  -6.673500060  62.00876999   
  -6.673467640  62.00876617   
  -6.673426150  62.00873947   
  -6.673360350  62.00872040   
  -6.673406600  62.00866699   
  -6.673465730  62.00864029   
  -6.673457150  62.00863266   
  -6.673334600  62.00868607   
  -6.673316000  62.00867462   
  -6.673307900  62.00865555   
  -6.673301700  62.00864029   
  -6.673299790  62.00864029   
  -6.673321720  62.00862885   
  -6.673322200  62.00862122   
  -6.673340320  62.00861359   
  -6.673348430  62.00860596   
  -6.673345090  62.00859451   
  -6.673327920  62.00859451   
  -6.673300740  62.00860214   
  -6.673287390  62.00860214   
  -6.673277380  62.00858688   
  -6.673251150  62.00857544   
  -6.673237320  62.00858307   
  -6.673256870  62.00860214   
  -6.673265460  62.00861359   
  -6.673259740  62.00860977   
  -6.673234940  62.00860977   
  -6.673199650  62.00860214   
  -6.673188210  62.00860214   
  -6.673150540  62.00861740   
  -6.673085210  62.00859833   
  -6.673109530  62.00858307   
  -6.673085210  62.00857162   
  -6.673043730  62.00859070   
  -6.672976970  62.00856018   
  -6.673005100  62.00854492   
  -6.672984120  62.00854492   
  -6.672937870  62.00855255   
  -6.672853950  62.00852585   
  -6.672859670  62.00852585   
  -6.672975540  62.00848007   
  -6.672963140  62.00847244   
  -6.672866820  62.00850677   
  -6.672870160  62.00848770   
  -6.672843460  62.00846100   
  -6.672797680  62.00843430   
  -6.672737600  62.00839615   
  -6.672667030  62.00836945   
  -6.672636030  62.00837708   
  -6.672616960  62.00837708   
  -6.672658920  62.00822449   
  -6.672624590  62.00822449   
  -6.672591690  62.00840378   
  -6.672531130  62.00849915   
  -6.672507290  62.00848389   
  -6.672511100  62.00843811   
  -6.672494410  62.00839996   
  -6.672422890  62.00836563   
  -6.672369480  62.00833511   
  -6.672363760  62.00833511   
  -6.672391890  62.00831985   
  -6.672405240  62.00829315   
  -6.672408580  62.00827408   
  -6.672438620  62.00825500   
  -6.672434330  62.00821304   
  -6.672410010  62.00818253   
  -6.672383310  62.00818253   
  -6.672351840  62.00819397   
  -6.672317500  62.00819016   
  -6.672296050  62.00820160   
  -6.672312740  62.00822830   
  -6.672295090  62.00826263   
  -6.672248360  62.00827026   
  -6.672179220  62.00825119   
  -6.672101020  62.00822449   
  -6.672096730  62.00820541   
  -6.672111990  62.00817871   
  -6.672115330  62.00815964   
  -6.672074320  62.00815201   
  -6.672003750  62.00815201   
  -6.671980860  62.00814819   
  -6.671902180  62.00810242   
  -6.671820160  62.00807571   
  -6.671741960  62.00807571   
  -6.671717170  62.00807190   
  -6.671717170  62.00804520   
  -6.671742920  62.00801086   
  -6.671704770  62.00798416   
  -6.671601300  62.00799179   
  -6.671542640  62.00800705   
  -6.671515940  62.00800705   
  -6.671362880  62.00793457   
  -6.671267990  62.00785065   
  -6.671240330  62.00781250   
  -6.671257500  62.00778580   
  -6.671307090  62.00776291   
  -6.671354290  62.00774384   
  -6.671326640  62.00770950   
  -6.671284680  62.00770569   
  -6.671251300  62.00771713   
  -6.671234610  62.00768661   
  -6.671168800  62.00769806   
  -6.671158790  62.00767899   
  -6.671226980  62.00765991   
  -6.671187880  62.00757217   
  -6.671124940  62.00756836   
  -6.671124460  62.00755310   
  -6.671174050  62.00755310   
  -6.671159740  62.00751495   
  -6.671106820  62.00750732   
  -6.671114920  62.00748062   
  -6.671184540  62.00748825   
  -6.671213150  62.00744629   
  -6.671175480  62.00743484   
  -6.671185020  62.00740814   
  -6.671208860  62.00740051   
  -6.671231270  62.00738144   
  -6.671449180  62.00743103   
  -6.671479230  62.00741577   
  -6.671466350  62.00740433   
  -6.671538830  62.00737762   
  -6.671648030  62.00735474   
  -6.671813490  62.00733948   
  -6.671907900  62.00735092   
  -6.672043320  62.00735092   
  -6.672120090  62.00735474   
  -6.672162530  62.00734329   
  -6.672204490  62.00732040   
  -6.672226430  62.00725555   
  -6.672235010  62.00722122   
  -6.672265050  62.00720215   
  -6.672334670  62.00719452   
  -6.672432420  62.00718689   
  -6.672517300  62.00664902   
  -6.672412400  62.00664902   
  -6.672359940  62.00663757   
  -6.672341350  62.00662994   
  -6.672349930  62.00659180   
  -6.672363280  62.00653839   
  -6.672366140  62.00653076   
  -6.672385690  62.00652313   
  -6.672423840  62.00652313   
  -6.672490600  62.00652313   
  -6.672619340  62.00654602   
  -6.672728540  62.00656509   
  -6.672844890  62.00659180   
  -6.672972200  62.00662231   
  -6.673027040  62.00663376   
  -6.673045640  62.00664139   
  -6.672992230  62.00671387   
  -6.673336510  62.00678253   
  -6.673433780  62.00668335   
  -6.673562050  62.00670242   
  -6.673632620  62.00673294   
  -6.673690320  62.00675201   
  -6.673728470  62.00677872   
  -6.673807140  62.00682449   
  -6.673884870  62.00688171   
  -6.673932080  62.00691605   
  -6.673977380  62.00694275   
  -6.674004080  62.00697327   
  -6.674027920  62.00700760   
  -6.674067970  62.00706100   
  -6.674108510  62.00710678   
  -6.674128530  62.00714493   
  -6.674132820  62.00716400   
  -6.674136160  62.00717163   
  -6.674129010  62.00719070   
  -6.674133300  62.00720596   
  -6.674146180  62.00721741   
  -6.674167630  62.00723648   
  -6.674189570  62.00724411   
  -6.674214360  62.00724411   
  -6.674241070  62.00724411   
  -6.674276350  62.00723648   
  -6.674299720  62.00722885   
  -6.674323560  62.00722122   
  -6.674335480  62.00720978   
  -6.674340250  62.00720215   
  -6.674339290  62.00718307   
  -6.674323560  62.00716400   
  -6.674317840  62.00716400   
  -6.674310210  62.00709534   
  -6.674274920  62.00703049   
  -6.674252990  62.00696564   
  -6.674216270  62.00689316   
  -6.674123760  62.00682831   
  -6.674035070  62.00676727   
  -6.673927310  62.00670242   
  -6.673821450  62.00663757   
  -6.673706050  62.00659943   
  -6.673528670  62.00656891   
  -6.673325060  62.00653076   
  -6.673055650  62.00648117   
  -6.672842500  62.00645065   
  -6.672641750  62.00640106   
  -6.672447680  62.00636292   
  -6.672271250  62.00632477   
  -6.672039030  62.00628281   
  -6.671849730  62.00623322   
  -6.671814920  62.00621796   
  -6.671746250  62.00614166   
  -6.671661850  62.00606918   
  -6.671641830  62.00593567   
  -6.671665190  62.00585556   
  -6.671753410  62.00574875   
  -6.672358990  62.00527191   
  -6.673114780  62.00513458   
  -6.673370840  62.00455475   
  -6.672972680  62.00444031   
  -6.673064230  62.00431442   
  -6.674187660  62.00429153   
  -6.674084190  62.00216675   
  -6.673401830  62.00074768   
  -6.673539160  62.00072098   
  -6.673523430  62.00055313   
  -6.673292640  62.00051880   
  -6.673178200  62.00034714   
  -6.672871110  61.99929047   
  -6.672935010  61.99827957   
  -6.673270230  61.99798584   
  -6.673048500  61.99799347   
  -6.673111920  61.99728394   
  -6.673944950  61.99560165   
  -6.673818590  61.99490738   
  -6.673690320  61.99400711   
  -6.673544410  61.99374390   
  -6.675466060  61.98734665   
  -6.675530910  61.98677444   
  -6.675343510  61.98326874   
  -6.676145080  61.98311996   
  -6.676496030  61.98287201   
  -6.676401620  61.98246002   
  -6.674993520  61.98104477   
  -6.673868180  61.98043060   
  -6.673743720  61.98008728   
  -6.672939300  61.97989655   
  -6.672762870  61.97968674   
  -6.671342850  61.97860336   
  -6.669942380  61.97795105   
  -6.668906210  61.97719574   
  -6.668539050  61.97715378   
  -6.668142320  61.97729874   
  -6.667990210  61.97734070   
  -6.667851920  61.97727585   
  -6.666927810  61.97718048   
  -6.664521220  61.97591019   
  -6.663373470  61.97576523   
  -6.663442610  61.97571182   
  -6.664091590  61.97565842   
  -6.664037700  61.97556686   
  -6.663594720  61.97554398   
  -6.661419870  61.97453690   
  -6.659950260  61.97441101   
  -6.658069610  61.97392273   
  -6.655881400  61.97187424   
  -6.655768390  61.97071457   
  -6.654047010  61.97009277   
  -6.654894830  61.97006226   
  -6.655053620  61.96973038   
  -6.654140470  61.96892548   
  -6.652695180  61.96851349   
  -6.652640820  61.96857452   
  -6.651929380  61.96842194   
  -6.651547910  61.96852112   
  -6.648434160  61.96749878   
  -6.646143910  61.96624756   
  -6.644632340  61.96464157   
  -6.642138000  61.96195602   
  -6.642101290  61.96082687   
  -6.641726970  61.96048737   
  -6.640541080  61.96000671   
  -6.639662740  61.95807266   
  -6.639789580  61.95756149   
  -6.639102940  61.95625687   
  -6.639314170  61.95569611   
  -6.639407630  61.95409012   
  -6.639961720  61.95363235   
  -6.640158180  61.95291519   
  -6.640034680  61.95269012   
  -6.640247820  61.95242310   
  -6.640449050  61.95144653   
  -6.640212540  61.95134354   
  -6.639832500  61.95027161   
  -6.639389040  61.95020676   
  -6.639283660  61.95011520   
  -6.640114780  61.94997025   
  -6.640160080  61.94982529   
  -6.639585490  61.94963837   
  -6.639795300  61.94879532   
  -6.638800140  61.94810486   
  -6.638487820  61.94829941   
  -6.637473110  61.94842529   
  -6.637648580  61.94864273   
  -6.637648580  61.94864273   
  -6.631137850  61.95027161   
  -6.631023880  61.95051575   
  -6.629629610  61.95101166   
  -6.629125120  61.95094681   
  -6.628468040  61.95110703   
  -6.626719470  61.95106125   
  -6.626308440  61.95116806   
  -6.625687600  61.95096207   
  -6.625589370  61.95075226   
  -6.625222210  61.95056534   
  -6.625174520  61.95008087   
  -6.624568940  61.94950485   
  -6.623469350  61.94959259   
  -6.622814660  61.95003891   
  -6.622434620  61.95049286   
  -6.623169420  61.95106888   
  -6.621184350  61.95092010   
  -6.620582580  61.95137405   
  -6.621904370  61.95166779   
  -6.622935770  61.95162201   
  -6.622996810  61.95169449   
  -6.622470860  61.95183945   
  -6.622465610  61.95264053   
  -6.621245860  61.95312119   
  -6.621316430  61.95363235   
  -6.618855000  61.95484924   
  -6.616382600  61.95545959   
  -6.613472940  61.95716095   
  -6.613254550  61.95797729   
  -6.612277980  61.95866013   
  -6.612523080  61.95864487   
  -6.612305640  61.95964813   
  -6.612735270  61.96013260   
  -6.612223150  61.96023941   
  -6.612376210  61.96035767   
  -6.614010810  61.96036148   
  -6.613880630  61.96051025   
  -6.614487650  61.96123886   
  -6.614306450  61.96155930   
  -6.614789490  61.96235657   
  -6.614387990  61.96305084   
  -6.614038940  61.96417618   
  -6.612768650  61.96561050   
  -6.612954620  61.96606064   
  -6.613374230  61.96604156   
  -6.616511820  61.96539688   
  -6.616729260  61.96632385   
  -6.617524620  61.96708298   
  -6.618907450  61.96873474   
  -6.620178700  61.96944046   
  -6.621960160  61.97026062   
  -6.623339180  61.97087479   
  -6.624668600  61.97127533   
  -6.626746180  61.97258759   
  -6.627539630  61.97281647   
  -6.629478450  61.97414398   
  -6.629770760  61.97470474   
  -6.630568980  61.97541046   
  -6.630468850  61.97702408   
  -6.631754400  61.97937393   
  -6.631473060  61.97980118   
  -6.631414890  61.98226929   
  -6.631110190  61.98240662   
  -6.631311420  61.98308182   
  -6.631152630  61.98345947   
  -6.631271360  61.98416901   
  -6.631059650  61.98473358   
  -6.631108760  61.98584747   
  -6.631564620  61.98683167   
  -6.631871220  61.98701859   
  -6.633339410  61.98704147   
  -6.638305660  61.98664474   
  -6.638775830  61.98747635   
  -6.640497210  61.98973465   
  -6.641638760  61.99196243   
  -6.641386030  61.99357605   
  -6.641210560  61.99367142   
  -6.641497610  61.99440384   
  -6.641880990  61.99480438   
  -6.643029690  61.99499512   
  -6.643382070  61.99528122   
  -6.645118240  61.99557114   
  -6.647396560  61.99537659   
  -6.650012970  61.99552917   
  -6.651459220  61.99606323   
  -6.651499750  61.99633408   
  -6.652520660  61.99716187   
  -6.653583050  61.99730301   
  -6.654226780  61.99740601   
  -6.655776020  61.99829483   
  -6.655945780  61.99867249   
  -6.655694960  61.99877548   
  -6.656291010  61.99890518   
  -6.656888480  61.99922943   
  -6.657167430  61.99959946   
  -6.657663820  61.99967957   
  -6.657458310  61.99976730   
  -6.657391550  62.00009155   
  -6.657897000  62.00025177   
  -6.658095840  62.00034332  
