  -6.938297750  61.91236877   
  -6.941501140  61.91301727   
  -6.944364070  61.91351700   
  -6.946616170  61.91375732   
  -6.946791170  61.91368103   
  -6.947161200  61.91383743   
  -6.947617050  61.91371918   
  -6.948116300  61.91377258   
  -6.949798580  61.91347504   
  -6.950319770  61.91349030   
  -6.951010700  61.91397858   
  -6.951194290  61.91393661   
  -6.950640200  61.91347885   
  -6.950797560  61.91334534   
  -6.950687410  61.91322708   
  -6.950817580  61.91319275   
  -6.950995920  61.91328430   
  -6.952130320  61.91270065   
  -6.952867030  61.91182327   
  -6.952191830  61.91067123   
  -6.951651100  61.91009903   
  -6.950427060  61.90935135   
  -6.949627400  61.90915298   
  -6.949346070  61.90922928   
  -6.949831960  61.90976715   
  -6.949756620  61.90980911   
  -6.948454380  61.90898132   
  -6.948195460  61.90904236   
  -6.948503020  61.90942383   
  -6.948318480  61.90939331   
  -6.946114540  61.90789795   
  -6.945047380  61.90768433   
  -6.944582460  61.90745926   
  -6.943944930  61.90731812   
  -6.942092420  61.90651703   
  -6.941859250  61.90630722   
  -6.941766260  61.90519333   
  -6.941127300  61.90464401   
  -6.940099720  61.90415192   
  -6.939168930  61.90384293   
  -6.938013080  61.90305328   
  -6.938825610  61.90285873   
  -6.938666340  61.90256882   
  -6.937201500  61.90164948   
  -6.936926840  61.90130997   
  -6.937174800  61.90110779   
  -6.936664580  61.90048981   
  -6.936619280  61.89980698   
  -6.936077590  61.89951324   
  -6.935949800  61.89960098   
  -6.935386180  61.89928436   
  -6.934951780  61.89935303   
  -6.935208320  61.89992142   
  -6.934884070  61.89944839   
  -6.934592720  61.89939880   
  -6.934578900  61.89946365   
  -6.934652330  61.89961624   
  -6.934522150  61.89965057   
  -6.933460240  61.89860153   
  -6.933003430  61.89798355   
  -6.932454110  61.89766312   
  -6.932550910  61.89755630   
  -6.932152750  61.89713669   
  -6.931816100  61.89715958   
  -6.931769370  61.89779663   
  -6.931304930  61.89787674   
  -6.930568220  61.89739990   
  -6.928643700  61.89672470   
  -6.926951410  61.89590836   
  -6.926394460  61.89525223   
  -6.924811840  61.89408875   
  -6.923889640  61.89308929   
  -6.924051760  61.89280319   
  -6.923696040  61.89263535   
  -6.922483440  61.89128876   
  -6.922738550  61.89109421   
  -6.922561650  61.89072418   
  -6.922848700  61.89050293   
  -6.922768590  61.89033890   
  -6.923622610  61.89028931   
  -6.923999310  61.88998032   
  -6.923752310  61.88955688   
  -6.922834870  61.88911057   
  -6.921985150  61.88909912   
  -6.920941830  61.88887787   
  -6.920306680  61.88813782   
  -6.920573710  61.88773727   
  -6.920454980  61.88746643   
  -6.919837470  61.88726044   
  -6.919270040  61.88642502   
  -6.919555660  61.88619614   
  -6.919484620  61.88607025   
  -6.918871400  61.88596344   
  -6.918528080  61.88524628   
  -6.919809340  61.88444901   
  -6.920030590  61.88441849   
  -6.920097830  61.88431931   
  -6.920065400  61.88421249   
  -6.920648100  61.88327789   
  -6.920390130  61.88301468   
  -6.921024320  61.88222504   
  -6.920573710  61.88191223   
  -6.920798300  61.88100815   
  -6.921628000  61.88081360   
  -6.922309400  61.88021469   
  -6.922210220  61.88016510   
  -6.921875950  61.88029480   
  -6.921791550  61.88024902   
  -6.922122000  61.88000488   
  -6.922337530  61.88005066   
  -6.922402380  61.87990952   
  -6.921977520  61.87964249   
  -6.920882230  61.87946320   
  -6.920134070  61.87885284   
  -6.919921400  61.87814713   
  -6.920749190  61.87794495   
  -6.921081070  61.87810135   
  -6.921804900  61.87800598   
  -6.921862130  61.87746811   
  -6.922307970  61.87757492   
  -6.922415730  61.87726974   
  -6.921929360  61.87701035   
  -6.921709540  61.87707901   
  -6.919374940  61.87608337   
  -6.919418810  61.87568665   
  -6.918835160  61.87514877   
  -6.918544290  61.87514496   
  -6.918077470  61.87546921   
  -6.917105200  61.87527466   
  -6.916612150  61.87480164   
  -6.917128090  61.87460327   
  -6.917896750  61.87414932   
  -6.917976860  61.87389755   
  -6.917237760  61.87399292   
  -6.916883950  61.87419510   
  -6.916728500  61.87446213   
  -6.916085240  61.87472153   
  -6.915305610  61.87471771   
  -6.914603710  61.87368393   
  -6.915343280  61.87287903   
  -6.916224960  61.87269592   
  -6.916337490  61.87255096   
  -6.916127200  61.87237167   
  -6.916338440  61.87186050   
  -6.915073870  61.87130356   
  -6.915128710  61.87102509   
  -6.915668010  61.87084579   
  -6.915557860  61.87067413   
  -6.915648460  61.87062836   
  -6.915907860  61.87067032   
  -6.916324140  61.87045288   
  -6.916038040  61.87031937   
  -6.915598390  61.87052155   
  -6.915165420  61.87059402   
  -6.914676670  61.87059784   
  -6.914289950  61.87066269   
  -6.913837910  61.87101364   
  -6.912919040  61.87088394   
  -6.912722590  61.87063980   
  -6.912346840  61.87054443   
  -6.911700250  61.87059784   
  -6.910908220  61.86996460   
  -6.910535810  61.86931992   
  -6.910729890  61.86915207   
  -6.911743160  61.86901855   
  -6.911972520  61.86869812   
  -6.912465100  61.86846924   
  -6.912209990  61.86800003   
  -6.912205700  61.86778259   
  -6.912612440  61.86784363   
  -6.912762640  61.86666870   
  -6.913029190  61.86663818   
  -6.913025380  61.86518478   
  -6.913017750  61.86498642   
  -6.912836550  61.86463165   
  -6.912431720  61.86449051   
  -6.912032130  61.86404800   
  -6.912231920  61.86385345   
  -6.913027290  61.86347580   
  -6.912875650  61.86310577   
  -6.911110400  61.86320496   
  -6.909972670  61.86307144   
  -6.909547330  61.86273193   
  -6.909337040  61.86216354   
  -6.908110140  61.86180496   
  -6.908097740  61.86126709   
  -6.908849240  61.86083603   
  -6.909008030  61.86071396   
  -6.909553530  61.86093903   
  -6.910365580  61.86085129   
  -6.910325050  61.86055374   
  -6.909536840  61.86031723   
  -6.908854480  61.86054230   
  -6.908713820  61.86028671   
  -6.909086230  61.86001587   
  -6.909012790  61.85977936   
  -6.909622670  61.85975266   
  -6.909504890  61.85950089   
  -6.908858300  61.85948181   
  -6.907787800  61.85872650   
  -6.907804970  61.85836029   
  -6.908127310  61.85832214   
  -6.908296590  61.85842896   
  -6.909046170  61.85839844   
  -6.908991340  61.85825348   
  -6.909713270  61.85811996   
  -6.909794810  61.85803986   
  -6.908450600  61.85806656   
  -6.908400540  61.85799408   
  -6.908816340  61.85791779   
  -6.909183030  61.85789490   
  -6.909147260  61.85766220   
  -6.908627030  61.85757446   
  -6.908312320  61.85741806   
  -6.908476350  61.85718536   
  -6.908396720  61.85576630   
  -6.907592770  61.85503387   
  -6.907389640  61.85480499   
  -6.906341080  61.85474777   
  -6.906367300  61.85466385   
  -6.906910900  61.85461044   
  -6.905337810  61.85320282   
  -6.904623030  61.85301208   
  -6.904580120  61.85275269   
  -6.903092380  61.85245895   
  -6.902858730  61.85226822   
  -6.903131010  61.85178757   
  -6.902563100  61.85122299   
  -6.902053360  61.85106277   
  -6.900647160  61.84981155   
  -6.900089260  61.84968567   
  -6.898448470  61.84858322   
  -6.898281100  61.84808731   
  -6.897217270  61.84752274   
  -6.896616460  61.84733200   
  -6.896379950  61.84701538   
  -6.895293240  61.84662247   
  -6.894774440  61.84598541   
  -6.894728660  61.84531784   
  -6.895023350  61.84443283   
  -6.896128180  61.84392166   
  -6.896851540  61.84376144   
  -6.897905830  61.84387589   
  -6.898525710  61.84365463   
  -6.899280070  61.84317780   
  -6.899941440  61.84320831   
  -6.900547980  61.84311676   
  -6.901391510  61.84284210   
  -6.902709010  61.84252167   
  -6.901540280  61.84241486   
  -6.901054380  61.84238052   
  -6.901739600  61.84219360   
  -6.901262760  61.84199905   
  -6.901503090  61.84090424   
  -6.901754860  61.84105301   
  -6.901965140  61.84098434   
  -6.901412960  61.83890915   
  -6.900937080  61.83881378   
  -6.900426860  61.83769226   
  -6.899601940  61.83772278   
  -6.899063590  61.83717728   
  -6.898825650  61.83621216   
  -6.897907730  61.83616257   
  -6.897585870  61.83637238   
  -6.897228240  61.83601761   
  -6.897190570  61.83487701   
  -6.896676060  61.83448410   
  -6.896707060  61.83394623   
  -6.896952630  61.83360672   
  -6.895353320  61.83293533   
  -6.894647120  61.83207321   
  -6.894183160  61.83191299   
  -6.892481800  61.83195877   
  -6.892127040  61.83140564   
  -6.890622620  61.83098602   
  -6.889734750  61.83094788   
  -6.889195920  61.83055115   
  -6.887903690  61.83000183   
  -6.887707710  61.82964706   
  -6.886937140  61.82967377   
  -6.886334900  61.82856750   
  -6.885968690  61.82806778   
  -6.885896680  61.82768250   
  -6.885560510  61.82720947   
  -6.884537700  61.82695007   
  -6.883721830  61.82583237   
  -6.882925030  61.82510376   
  -6.881335260  61.82378387   
  -6.880147930  61.82280731   
  -6.878655910  61.82183075   
  -6.878531930  61.82203674   
  -6.877910610  61.82181931   
  -6.878132820  61.82143784   
  -6.877950670  61.82094193   
  -6.877670760  61.82091904   
  -6.877365590  61.82041931   
  -6.877531530  61.82015991   
  -6.877242570  61.81933975   
  -6.876945500  61.81919098   
  -6.874700070  61.81914902   
  -6.874271390  61.81936646   
  -6.873689650  61.81942749   
  -6.872835160  61.81964874   
  -6.872963910  61.81998444   
  -6.872870450  61.82001877   
  -6.872746940  61.81988144   
  -6.871954920  61.81988525   
  -6.871404170  61.82010269   
  -6.870814320  61.82146835   
  -6.870621200  61.82280350   
  -6.871615890  61.82351685   
  -6.871651170  61.82484818   
  -6.872272010  61.82605362   
  -6.871270660  61.82663727   
  -6.870517730  61.82675934   
  -6.870062830  61.82721329   
  -6.870196340  61.82725906   
  -6.869831560  61.82791901   
  -6.868615630  61.82863617   
  -6.867612840  61.82877350   
  -6.866606240  61.82942963   
  -6.866336350  61.83044052   
  -6.864456650  61.83089828   
  -6.864179130  61.83111572   
  -6.864357950  61.83139038   
  -6.864180560  61.83142090   
  -6.863379480  61.83097839   
  -6.862461570  61.83074188   
  -6.862028600  61.83022308   
  -6.861518860  61.83007050   
  -6.857400420  61.83031845   
  -6.855521680  61.83122635   
  -6.855504040  61.83144760   
  -6.854994300  61.83143234   
  -6.854538440  61.83189011   
  -6.854225640  61.83191299   
  -6.854166510  61.83169556   
  -6.853562360  61.83172226   
  -6.853115080  61.83217621   
  -6.852044110  61.83243561   
  -6.851936340  61.83262253   
  -6.851314070  61.83288193   
  -6.851364140  61.83295441   
  -6.850338940  61.83321762   
  -6.849493500  61.83365250   
  -6.848697660  61.83375931   
  -6.848303320  61.83385849   
  -6.848221780  61.83399200   
  -6.848113060  61.83402634   
  -6.847908970  61.83398056   
  -6.847551350  61.83399200   
  -6.847298150  61.83418655   
  -6.847216610  61.83396912   
  -6.843595500  61.83403015   
  -6.841460230  61.83424759   
  -6.838938240  61.83423233   
  -6.838533880  61.83411789   
  -6.838426110  61.83430481   
  -6.838047500  61.83422852   
  -6.836879250  61.83430862   
  -6.836762910  61.83450317   
  -6.836164470  61.83442307   
  -6.835892680  61.83453751   
  -6.835989480  61.83472443   
  -6.834730150  61.83510208   
  -6.834562300  61.83524323   
  -6.833384040  61.83535767   
  -6.833310600  61.83548355   
  -6.833172320  61.83534622   
  -6.832760810  61.83533096   
  -6.832671640  61.83514023   
  -6.832295420  61.83535767   
  -6.832633020  61.83547211   
  -6.832196240  61.83552933   
  -6.832100390  61.83575058   
  -6.830236430  61.83556747   
  -6.827744480  61.83448792   
  -6.827660080  61.83385849   
  -6.826006410  61.83373260   
  -6.826035500  61.83342743   
  -6.825363160  61.83254623   
  -6.824879170  61.83264542   
  -6.824323180  61.83247757   
  -6.823718070  61.83147049   
  -6.822889800  61.83126068   
  -6.822554590  61.83094788   
  -6.822147370  61.83085251   
  -6.821631430  61.82975006   
  -6.821425910  61.82959366   
  -6.820489880  61.82942581   
  -6.819959160  61.82828522   
  -6.819546700  61.82815170   
  -6.819185260  61.82773590   
  -6.818680290  61.82778931   
  -6.818724160  61.82706070   
  -6.818231580  61.82669449   
  -6.817625050  61.82664871   
  -6.817209240  61.82673264   
  -6.816743370  61.82631302   
  -6.815718170  61.82577515   
  -6.815024380  61.82564926   
  -6.814630510  61.82574081   
  -6.813693050  61.82516861   
  -6.812641140  61.82532120   
  -6.811250210  61.82541656   
  -6.811234000  61.82561493   
  -6.810942650  61.82579041   
  -6.810954570  61.82537460   
  -6.809723850  61.82519531   
  -6.808979030  61.82592010   
  -6.808405880  61.82625961   
  -6.809467320  61.82482147   
  -6.808626170  61.82442474   
  -6.808128830  61.82463074   
  -6.807723050  61.82512665   
  -6.807819370  61.82519150   
  -6.807434080  61.82542801   
  -6.807523730  61.82514954   
  -6.806944850  61.82562637   
  -6.807401660  61.82487106   
  -6.807301040  61.82460022   
  -6.806346420  61.82416916   
  -6.806087020  61.82418442   
  -6.806043620  61.82431030   
  -6.806372170  61.82457733   
  -6.805814270  61.82430649   
  -6.805731300  61.82445908   
  -6.805961610  61.82487488   
  -6.805722710  61.82508469   
  -6.805583000  61.82530975   
  -6.805692200  61.82569504   
  -6.806265830  61.82627869   
  -6.806425090  61.82641602   
  -6.806622980  61.82659912   
  -6.807067390  61.82715607   
  -6.807055000  61.82728195   
  -6.807014470  61.82760239   
  -6.806976320  61.82784653   
  -6.806926730  61.82816696   
  -6.806785580  61.82847214   
  -6.806621070  61.82872772   
  -6.806399350  61.82904053   
  -6.806275840  61.82925415   
  -6.806140900  61.82946777   
  -6.806036950  61.82958984   
  -6.805971150  61.82968903   
  -6.805952550  61.82973099   
  -6.805886270  61.82978439   
  -6.805754180  61.82988358   
  -6.805630210  61.82997131   
  -6.805425640  61.83012009   
  -6.805261140  61.83024216   
  -6.805093290  61.83035660   
  -6.804899690  61.83048630   
  -6.804783340  61.83057785   
  -6.804744720  61.83061218   
  -6.804747580  61.83064651   
  -6.804754730  61.83068466   
  -6.804817200  61.83071136   
  -6.804974080  61.83072281   
  -6.804974080  61.83072281   
  -6.805124760  61.83066177   
  -6.805217740  61.83060837   
  -6.805347440  61.83060455   
  -6.805549140  61.83046341   
  -6.805699350  61.83035660   
  -6.805897240  61.83021545   
  -6.806059840  61.83009338   
  -6.806226250  61.82997131   
  -6.806347370  61.82987213   
  -6.806505680  61.82975769   
  -6.806665420  61.82978058   
  -6.806631090  61.82983398   
  -6.806663510  61.82983398   
  -6.806733130  61.82973480   
  -6.807418350  61.82875824   
  -6.807580950  61.82879639   
  -6.807629590  61.82878113   
  -6.807635310  61.82875443   
  -6.807449820  61.82871628   
  -6.807491780  61.82866287   
  -6.807481290  61.82830048   
  -6.807511330  61.82825851   
  -6.807659630  61.82811737   
  -6.808002470  61.82829285   
  -6.808026310  61.82830048   
  -6.808070180  61.82830429   
  -6.808097360  61.82829285   
  -6.808173180  61.82815933   
  -6.808172700  61.82814407   
  -6.808151250  61.82812500   
  -6.807826520  61.82796478   
  -6.807875630  61.82794189   
  -6.807897090  61.82790375   
  -6.807929520  61.82782364   
  -6.807962420  61.82776260   
  -6.807962420  61.82776260   
  -6.808056350  61.82764816   
  -6.808173660  61.82748795   
  -6.808260440  61.82733536   
  -6.808783050  61.82706451   
  -6.809395790  61.82678986   
  -6.809510230  61.82678223   
  -6.809946060  61.82700348   
  -6.810225490  61.82713318   
  -6.810229300  61.82715988   
  -6.810351850  61.82722473   
  -6.810451980  61.82723618   
  -6.810812950  61.82742310   
  -6.810808180  61.82745743   
  -6.810960770  61.82750320   
  -6.810914040  61.82754898   
  -6.808831210  61.82846832   
  -6.808662410  61.82838440   
  -6.808631420  61.82839203   
  -6.808609960  61.82839966   
  -6.808555130  61.82856369   
  -6.808570860  61.82857895   
  -6.808627130  61.82859039   
  -6.808664800  61.82859039   
  -6.808757310  61.82854843   
  -6.809871200  61.82912064   
  -6.809134960  61.82943344   
  -6.808079720  61.82888794   
  -6.808348180  61.82872009   
  -6.808323860  61.82871246   
  -6.808288570  61.82870102   
  -6.807982440  61.82889557   
  -6.808238980  61.82902527   
  -6.808196070  61.82909393   
  -6.808266160  61.82917786   
  -6.808565140  61.82940674   
  -6.809109210  61.82989883   
  -6.809472080  61.83072281   
  -6.809987550  61.83092880   
  -6.810209270  61.83154297   
  -6.809944150  61.83166504   
  -6.810075760  61.83237457   
  -6.810697080  61.83290482   
  -6.810589310  61.83295822   
  -6.810296540  61.83285522   
  -6.810191150  61.83296967   
  -6.810647490  61.83376694   
  -6.810431480  61.83367538   
  -6.810328010  61.83374405   
  -6.810933590  61.83492279   
  -6.811224940  61.83501816   
  -6.811453820  61.83551407   
  -6.811306480  61.83555603   
  -6.810935970  61.83518219   
  -6.810770510  61.83497238   
  -6.810519700  61.83496857   
  -6.809076310  61.83595276   
  -6.806535720  61.83681107   
  -6.803498740  61.83754349   
  -6.801842210  61.83727264   
  -6.799713130  61.83660126   
  -6.799515250  61.83644485   
  -6.796612740  61.83583450   
  -6.796595100  61.83573532   
  -6.795614720  61.83552170   
  -6.795103550  61.83554840   
  -6.793928620  61.83524323   
  -6.793244360  61.83525085   
  -6.790216920  61.83439255   
  -6.790035720  61.83419418   
  -6.786550050  61.83337402   
  -6.786173340  61.83314133   
  -6.785590650  61.83321381   
  -6.783178330  61.83255386   
  -6.781310080  61.83169937   
  -6.780399800  61.83149719   
  -6.780271050  61.83133316   
  -6.779825210  61.83137894   
  -6.778851510  61.83121109   
  -6.777921680  61.83093643   
  -6.777208330  61.83118439   
  -6.777751450  61.83084106   
  -6.777550700  61.83073044   
  -6.776631830  61.83098602   
  -6.776479720  61.83096695   
  -6.777311800  61.83061981   
  -6.775588990  61.82975769   
  -6.774711130  61.82949829   
  -6.774088860  61.82946396   
  -6.773977760  61.82952499   
  -6.772390840  61.82867050   
  -6.770430090  61.82800293   
  -6.769874100  61.82741928   
  -6.769865510  61.82727432   
  -6.769481180  61.82717896   
  -6.768537520  61.82673264   
  -6.768770220  61.82663727   
  -6.768373970  61.82574081   
  -6.767795090  61.82592010   
  -6.767623900  61.82582092   
  -6.767881390  61.82554626   
  -6.767293450  61.82485199   
  -6.766983030  61.82478333   
  -6.767165660  61.82420349   
  -6.767183780  61.82397842   
  -6.766426560  61.82421112   
  -6.766255380  61.82413483   
  -6.766780380  61.82383728   
  -6.766476630  61.82307816   
  -6.766030790  61.82299042   
  -6.765909670  61.82270050   
  -6.766164300  61.82246399   
  -6.765782830  61.82219696   
  -6.765814780  61.82259369   
  -6.765700340  61.82260132   
  -6.765450950  61.82227325   
  -6.765406610  61.82196808   
  -6.765103820  61.82192612   
  -6.765572070  61.82154846   
  -6.764606480  61.82150269   
  -6.764204980  61.82165146   
  -6.763939380  61.82159424   
  -6.762531760  61.81919861   
  -6.762345790  61.81820679   
  -6.761991020  61.81802368   
  -6.761639600  61.81713486   
  -6.760851860  61.81677246   
  -6.759950640  61.81576920   
  -6.760126590  61.81546783   
  -6.759828570  61.81533813   
  -6.759447100  61.81533051   
  -6.759110930  61.81520844   
  -6.758750440  61.81525803   
  -6.759016040  61.81512833   
  -6.759143350  61.81473541   
  -6.759377000  61.81462860   
  -6.759345050  61.81452179   
  -6.758857250  61.81436157   
  -6.758984570  61.81412888   
  -6.758204940  61.81297684   
  -6.757902150  61.81293488   
  -6.757750030  61.81280899   
  -6.758093830  61.81248856   
  -6.757818700  61.81192017   
  -6.757489200  61.81177902   
  -6.757743840  61.81156921   
  -6.757482530  61.81088257   
  -6.757279870  61.81082535   
  -6.757285120  61.81012344   
  -6.757206920  61.80979156   
  -6.756742000  61.80944824   
  -6.755902770  61.80852127   
  -6.755431180  61.80821609   
  -6.754897590  61.80819702   
  -6.754880910  61.80813599   
  -6.755499360  61.80788422   
  -6.755236630  61.80718994   
  -6.755697730  61.80700684   
  -6.755381580  61.80622101   
  -6.755041120  61.80607224   
  -6.755386830  61.80586243   
  -6.754019260  61.80447388   
  -6.753616330  61.80450439   
  -6.753577710  61.80443954   
  -6.753974910  61.80424881   
  -6.753859520  61.80323410   
  -6.754190920  61.80250931   
  -6.754501340  61.80119705   
  -6.754107000  61.80129623   
  -6.754022600  61.80123138   
  -6.754445080  61.80111313   
  -6.754871370  61.80078125   
  -6.754104610  61.79935837   
  -6.753921510  61.79934692   
  -6.753695960  61.79946899   
  -6.753835200  61.79922867   
  -6.753191470  61.79813766   
  -6.752789500  61.79798126   
  -6.753676890  61.79765320   
  -6.754085540  61.79740906   
  -6.753980640  61.79733658   
  -6.753510950  61.79756165   
  -6.753357410  61.79727173   
  -6.753682610  61.79705048   
  -6.753655430  61.79682541   
  -6.753382680  61.79679489   
  -6.753332610  61.79664993   
  -6.753073690  61.79663849   
  -6.753044130  61.79654694   
  -6.753356930  61.79652405   
  -6.753132340  61.79637909   
  -6.753248210  61.79629898   
  -6.752992150  61.79544067   
  -6.752610680  61.79539108   
  -6.752496720  61.79505539   
  -6.751549720  61.79471588   
  -6.749833110  61.79364777   
  -6.748213770  61.79241943   
  -6.747038360  61.79173279   
  -6.745568750  61.79120636   
  -6.742955680  61.79041672   
  -6.741467480  61.78903961   
  -6.741471770  61.78882217   
  -6.740653510  61.78787613   
  -6.739807130  61.78684616   
  -6.739063260  61.78703308   
  -6.738980770  61.78696823   
  -6.739580150  61.78678894   
  -6.739209180  61.78628922   
  -6.737427230  61.78483200   
  -6.737454890  61.78458023   
  -6.737104420  61.78451920   
  -6.736702440  61.78411102   
  -6.736267090  61.78412247   
  -6.736866000  61.78395081   
  -6.736746790  61.78384018   
  -6.736746790  61.78384018   
  -6.736467360  61.78374863   
  -6.736400130  61.78332520   
  -6.735661980  61.78283691   
  -6.734955310  61.78202438   
  -6.733925820  61.78135300   
  -6.733561520  61.78132629   
  -6.733063700  61.78141785   
  -6.732913970  61.78129196   
  -6.733190540  61.78121567   
  -6.733247280  61.78103638   
  -6.733092310  61.78079987   
  -6.732680800  61.78077316   
  -6.732890130  61.78057861   
  -6.732294080  61.77966309   
  -6.730766300  61.77906418   
  -6.730005740  61.77901459   
  -6.728780750  61.77852631   
  -6.728410240  61.77804565   
  -6.727150920  61.77776337   
  -6.727001670  61.77767944   
  -6.727205280  61.77744293   
  -6.727040290  61.77725983   
  -6.726386070  61.77718735   
  -6.726073270  61.77690125   
  -6.726214410  61.77673340   
  -6.724393370  61.77528381   
  -6.723358630  61.77489090   
  -6.723017690  61.77447891   
  -6.722237110  61.77421570   
  -6.721652510  61.77342606   
  -6.720343590  61.77269363   
  -6.720038410  61.77202606   
  -6.720252040  61.77131653   
  -6.720139980  61.77119064   
  -6.718999390  61.77141571   
  -6.718125340  61.77169800   
  -6.718051430  61.77156830   
  -6.719298840  61.77100754   
  -6.718823910  61.77037811   
  -6.717603680  61.76972961   
  -6.717239860  61.76968002   
  -6.717092990  61.76982117   
  -6.717317580  61.76995850   
  -6.717185500  61.77005386   
  -6.717334750  61.77023697   
  -6.717754360  61.77051163   
  -6.716933250  61.77079773   
  -6.716368200  61.77048874   
  -6.714321610  61.77001572   
  -6.713934420  61.76958847   
  -6.713444710  61.76965332   
  -6.712893490  61.77015305   
  -6.711920740  61.77030945   
  -6.711342810  61.77022552   
  -6.710886480  61.76988602   
  -6.709026810  61.76955795   
  -6.705014230  61.76807404   
  -6.704456330  61.76777649   
  -6.703634260  61.76710892   
  -6.703157900  61.76685715   
  -6.702444080  61.76613617   
  -6.702557090  61.76419067   
  -6.702673440  61.76375198   
  -6.702475550  61.76246262   
  -6.702580930  61.76181030   
  -6.702879910  61.76146317   
  -6.702622890  61.76135254   
  -6.702186580  61.76137924   
  -6.700900550  61.76101685   
  -6.700561520  61.76055527   
  -6.699557780  61.76005936   
  -6.699044700  61.76023102   
  -6.698482990  61.76016998   
  -6.696515080  61.75957108   
  -6.695410730  61.75887680   
  -6.693312170  61.75805283   
  -6.692477230  61.75791168   
  -6.692023750  61.75779724   
  -6.691207890  61.75676727   
  -6.690938950  61.75659180   
  -6.689555170  61.75644302   
  -6.689505100  61.75630951   
  -6.689781190  61.75588226   
  -6.689198490  61.75473022   
  -6.688381200  61.75391006   
  -6.688315390  61.75342560   
  -6.687629700  61.75317001   
  -6.687110420  61.75314331   
  -6.686833860  61.75324631   
  -6.686657430  61.75367355   
  -6.686224460  61.75389099   
  -6.685257430  61.75387573   
  -6.684312820  61.75360870   
  -6.684415820  61.75307083   
  -6.683666710  61.75288010   
  -6.680172920  61.75277328   
  -6.679782390  61.75283051   
  -6.679120540  61.75278473   
  -6.678932670  61.75266266   
  -6.675826550  61.75229645   
  -6.675826550  61.75229645   
  -6.673534870  61.75449371   
  -6.673538680  61.75466537   
  -6.672814370  61.75560379   
  -6.672219750  61.75559616   
  -6.672072890  61.75568008   
  -6.672675130  61.75598907   
  -6.671660420  61.75770569   
  -6.669064040  61.75858688   
  -6.666857720  61.75901413   
  -6.664329530  61.75901794   
  -6.663097380  61.75919342   
  -6.662292000  61.75971985   
  -6.662243370  61.76018524   
  -6.662703040  61.76197052   
  -6.663292410  61.76341629   
  -6.662892820  61.76388550   
  -6.659894940  61.76400757   
  -6.660400390  61.76581192   
  -6.660967830  61.76722336   
  -6.661629200  61.76879501   
  -6.661950590  61.76906204   
  -6.661884780  61.76959991   
  -6.662561890  61.77057266   
  -6.662443640  61.77073288   
  -6.662638660  61.77150726   
  -6.662901400  61.77199554   
  -6.662669180  61.77218246   
  -6.662865640  61.77223969   
  -6.663968560  61.77199554   
  -6.664625170  61.77291489   
  -6.663433070  61.77298355   
  -6.663216110  61.77317047   
  -6.664037700  61.77358627   
  -6.663895130  61.77373886   
  -6.663190360  61.77393341   
  -6.663499830  61.77562714   
  -6.664578910  61.77602386   
  -6.664929390  61.77602768   
  -6.665394310  61.77642059   
  -6.665077690  61.77659607   
  -6.664929870  61.77696991   
  -6.665394310  61.77732086   
  -6.666810990  61.77804565   
  -6.668192390  61.77828217   
  -6.668103220  61.77848816   
  -6.668681140  61.77919006   
  -6.668725010  61.77989197   
  -6.669420240  61.78045273   
  -6.671681400  61.78154755   
  -6.672182080  61.78202438   
  -6.672815800  61.78226852   
  -6.674021240  61.78285599   
  -6.674441810  61.78346252   
  -6.674174790  61.78408813   
  -6.672914030  61.78456116   
  -6.671825890  61.78439713   
  -6.671836380  61.78430939   
  -6.671699050  61.78429794   
  -6.671704770  61.78442383   
  -6.670279030  61.78438950   
  -6.669954300  61.78429413   
  -6.669407370  61.78450012   
  -6.668710230  61.78429031   
  -6.668495180  61.78435135   
  -6.668743610  61.78480530   
  -6.668377880  61.78479767   
  -6.667845730  61.78508377   
  -6.666505810  61.78497314   
  -6.666729450  61.78577423   
  -6.666344640  61.78630066   
  -6.665215970  61.78662109   
  -6.665353780  61.78683090   
  -6.664858820  61.78715515   
  -6.664386270  61.78718185   
  -6.663790700  61.78746033   
  -6.663500790  61.78780365   
  -6.660593510  61.78846359   
  -6.659877780  61.78845215   
  -6.659090040  61.78852844   
  -6.658642770  61.78877258   
  -6.657746320  61.78893661   
  -6.657434940  61.78886795   
  -6.657233720  61.78899002   
  -6.657386780  61.78955078   
  -6.657181260  61.79022980   
  -6.655921940  61.79052353   
  -6.655678750  61.79077911   
  -6.656017300  61.79101944   
  -6.655773640  61.79127502   
  -6.655566220  61.79230499   
  -6.654320240  61.79269409   
  -6.655239110  61.79289246   
  -6.655653000  61.79341125   
  -6.655560490  61.79377747   
  -6.655619140  61.79387665   
  -6.656151290  61.79396439   
  -6.656865120  61.79438400   
  -6.657295700  61.79520798   
  -6.657511710  61.79630661   
  -6.656133650  61.79765701   
  -6.655865190  61.79796600   
  -6.656650070  61.79867172   
  -6.656288150  61.79888916   
  -6.657454010  61.79985428   
  -6.657533170  61.80035782   
  -6.658060070  61.80183792   
  -6.658478260  61.80282593   
  -6.658586030  61.80327606   
  -6.658858300  61.80389023   
  -6.659971710  61.80532074   
  -6.661812310  61.80617905   
  -6.662610050  61.80609131   
  -6.662673950  61.80622864   
  -6.662855150  61.80618668   
  -6.662776950  61.80609512   
  -6.664752480  61.80620193   
  -6.665109630  61.80614471   
  -6.665225980  61.80626297   
  -6.665225980  61.80626297   
  -6.665363310  61.80620193   
  -6.665215970  61.80611801   
  -6.665874480  61.80592346   
  -6.666870120  61.80583191   
  -6.667172430  61.80602646   
  -6.667536740  61.80598068   
  -6.667519570  61.80592346   
  -6.667313100  61.80589294   
  -6.667257790  61.80577850   
  -6.670501230  61.80570602   
  -6.671107770  61.80622101   
  -6.671760560  61.80616760   
  -6.672403810  61.80664444   
  -6.673276420  61.80715561   
  -6.673736570  61.80764771   
  -6.674312590  61.80815887   
  -6.674281600  61.80882263   
  -6.674595830  61.80960846   
  -6.674173830  61.80979156   
  -6.673965450  61.80968857   
  -6.670034410  61.81171417   
  -6.669799330  61.81216049   
  -6.668811800  61.81263733   
  -6.668263910  61.81272888   
  -6.667928220  61.81264877   
  -6.667163370  61.81289673   
  -6.666107180  61.81332779   
  -6.665815350  61.81325150   
  -6.665559290  61.81337357   
  -6.665821080  61.81352234   
  -6.664270400  61.81401443   
  -6.662297730  61.81474686   
  -6.659852500  61.81551361   
  -6.657165530  61.81562042   
  -6.656855110  61.81575775   
  -6.657209400  61.81658936   
  -6.655516150  61.81718063   
  -6.655502800  61.81737900   
  -6.651410580  61.81840515   
  -6.647143840  61.81946945   
  -6.644351960  61.82049179   
  -6.643271920  61.82053757   
  -6.643084530  61.82067490   
  -6.643485070  61.82092667   
  -6.643016340  61.82250595   
  -6.640613560  61.82392120   
  -6.638427260  61.82426834   
  -6.637469290  61.82477570   
  -6.636929510  61.82551956   
  -6.637144570  61.82561111   
  -6.636957170  61.82617569   
  -6.635852810  61.82618332   
  -6.635424610  61.82683945   
  -6.635212420  61.82685471   
  -6.635365010  61.82655334   
  -6.635097980  61.82656479   
  -6.634895800  61.82704544   
  -6.634120940  61.82719421   
  -6.633574490  61.82802200   
  -6.633125780  61.82810211   
  -6.633047580  61.82835388   
  -6.633490090  61.82838058   
  -6.633493900  61.82857513   
  -6.633168220  61.82865906   
  -6.634412770  61.82981491   
  -6.635393620  61.82973099   
  -6.635621070  61.82998657   
  -6.635136130  61.83013916   
  -6.635182380  61.83050156   
  -6.634969710  61.83055115   
  -6.634572980  61.83017731   
  -6.632797720  61.83061218   
  -6.633151530  61.83111954   
  -6.633855820  61.83124924   
  -6.634048460  61.83168411   
  -6.634797100  61.83177948   
  -6.634799480  61.83192062   
  -6.635182380  61.83190918   
  -6.635292050  61.83174133   
  -6.635504720  61.83169174   
  -6.635206700  61.83134460   
  -6.635946270  61.83131409   
  -6.636414050  61.83182526   
  -6.636704920  61.83184814   
  -6.636582850  61.83222198   
  -6.637088780  61.83201599   
  -6.639157770  61.83211517   
  -6.642709730  61.83100891   
  -6.644108300  61.83114624   
  -6.645911220  61.83233643   
  -6.645622250  61.83271027   
  -6.645886420  61.83337784   
  -6.647062300  61.83342743   
  -6.648155210  61.83317566   
  -6.648293970  61.83292770   
  -6.648592470  61.83292389   
  -6.648673530  61.83317566   
  -6.652319910  61.83322144   
  -6.654396530  61.83232117   
  -6.655576230  61.83259201   
  -6.655576230  61.83259201   
  -6.655779840  61.83241653   
  -6.656753540  61.83235168   
  -6.657583710  61.83195496   
  -6.657594680  61.83181000   
  -6.659312730  61.83087921   
  -6.660534860  61.83098984   
  -6.661503790  61.83136368   
  -6.660465240  61.83160782   
  -6.660400870  61.83180237   
  -6.660538200  61.83179855   
  -6.660650250  61.83164597   
  -6.661566730  61.83143616   
  -6.661598680  61.83149338   
  -6.661493780  61.83154297   
  -6.661579130  61.83164597   
  -6.661327840  61.83167648   
  -6.661129950  61.83200455   
  -6.660442350  61.83192825   
  -6.660288330  61.83190918   
  -6.660282140  61.83198929   
  -6.660987380  61.83211136   
  -6.661326410  61.83226776   
  -6.659108640  61.83270645   
  -6.659217830  61.83281708   
  -6.659492020  61.83275986   
  -6.659467220  61.83271408   
  -6.660856720  61.83245087   
  -6.660988810  61.83290863   
  -6.660868640  61.83296967   
  -6.660999770  61.83336639   
  -6.662139420  61.83426666   
  -6.663441660  61.83452988   
  -6.664465900  61.83560181   
  -6.664376740  61.83572388   
  -6.664689060  61.83576584   
  -6.664899830  61.83561707   
  -6.665504460  61.83573532   
  -6.665086750  61.83610535   
  -6.665902140  61.83647919   
  -6.666100980  61.83646393   
  -6.666385650  61.83621597   
  -6.666569230  61.83627319   
  -6.666648390  61.83676147   
  -6.667185310  61.83724594   
  -6.667621140  61.83723450   
  -6.668467520  61.83794785   
  -6.668532850  61.83811188   
  -6.669341090  61.83818054   
  -6.670828820  61.83885193   
  -6.670754430  61.83923721   
  -6.672570230  61.83996582   
  -6.673033240  61.83993149   
  -6.673089030  61.84001923   
  -6.673305510  61.84044647   
  -6.674572470  61.84113312   
  -6.674654010  61.84110641   
  -6.674941060  61.84128189   
  -6.674839020  61.84145355   
  -6.675761700  61.84186172   
  -6.676240920  61.84278488   
  -6.675990100  61.84283447   
  -6.676106930  61.84294510   
  -6.676411630  61.84291458   
  -6.677627090  61.84378052   
  -6.678225520  61.84387970   
  -6.678891180  61.84462738   
  -6.678352360  61.84509277   
  -6.678876880  61.84537125   
  -6.678622720  61.84559250   
  -6.679222580  61.84582901   
  -6.678881170  61.84621811   
  -6.679574970  61.84619141   
  -6.680853370  61.84740829   
  -6.681367400  61.84794617   
  -6.681372640  61.84848785   
  -6.681628700  61.84930038   
  -6.681485180  61.84941483   
  -6.681732180  61.85056686   
  -6.681568620  61.85067368   
  -6.681988240  61.85074997   
  -6.682525630  61.85186386   
  -6.683176520  61.85198212   
  -6.682889460  61.85306549   
  -6.683022980  61.85330963   
  -6.682806970  61.85353088   
  -6.682644370  61.85437393   
  -6.684908870  61.85536957   
  -6.684854030  61.85562134   
  -6.686312680  61.85634613   
  -6.686615470  61.85626221   
  -6.687635900  61.85649490   
  -6.688024520  61.85676193   
  -6.688907150  61.85700989   
  -6.689024450  61.85747147   
  -6.688261990  61.85747528   
  -6.687955380  61.85778427   
  -6.688135620  61.85801315   
  -6.689206120  61.85806656   
  -6.689424510  61.85794449   
  -6.689960480  61.85797119   
  -6.689960480  61.85797119   
  -6.690032480  61.85784531   
  -6.689906120  61.85768127   
  -6.690119270  61.85760498   
  -6.690855980  61.85781479   
  -6.691257950  61.85770416   
  -6.692041870  61.85792542   
  -6.692544940  61.85793304   
  -6.693031790  61.85780716   
  -6.693095210  61.85789871   
  -6.692450520  61.85810089   
  -6.692361830  61.85852432   
  -6.694013120  61.85868454   
  -6.694967750  61.85911560   
  -6.694774150  61.85926437   
  -6.694845200  61.85935593   
  -6.695087910  61.85928726   
  -6.695149420  61.85930634   
  -6.694619660  61.85982895   
  -6.694880010  61.85990524   
  -6.695252420  61.85985565   
  -6.695128440  61.86008835   
  -6.695307730  61.86020660   
  -6.695659160  61.86021423   
  -6.696220400  61.86010742   
  -6.696799280  61.86103058   
  -6.696218490  61.86137390   
  -6.696225640  61.86160660   
  -6.695459840  61.86182785   
  -6.695555690  61.86204529   
  -6.696394920  61.86201096   
  -6.696786880  61.86213684   
  -6.697243210  61.86271667   
  -6.697265150  61.86300659   
  -6.697456360  61.86301804   
  -6.697613240  61.86293030   
  -6.700134750  61.86333084   
  -6.702181820  61.86304474   
  -6.702944280  61.86332703   
  -6.702969550  61.86384583   
  -6.703826430  61.86393356   
  -6.703761580  61.86370850   
  -6.704571720  61.86378479   
  -6.704993720  61.86388779   
  -6.706089500  61.86370087   
  -6.706810000  61.86385727   
  -6.706830500  61.86411667   
  -6.707128050  61.86410522   
  -6.707207680  61.86388016   
  -6.707962990  61.86387634   
  -6.708249570  61.86403275   
  -6.708599570  61.86401367   
  -6.708650590  61.86388779   
  -6.709139350  61.86391449   
  -6.714231970  61.86299133   
  -6.716714380  61.86277390   
  -6.717876430  61.86284637   
  -6.720753190  61.86407852   
  -6.721503730  61.86421967   
  -6.724527840  61.86462021   
  -6.727911950  61.86501694   
  -6.728113650  61.86518860   
  -6.728152280  61.86546707   
  -6.728343960  61.86549759   
  -6.728553300  61.86534119   
  -6.728644850  61.86536026   
  -6.728658200  61.86553955   
  -6.730705740  61.86568069   
  -6.733253000  61.86620712   
  -6.733911040  61.86654282   
  -6.733989720  61.86668777   
  -6.734326840  61.86672974   
  -6.734654900  61.86668777   
  -6.735497000  61.86677551   
  -6.736706260  61.86721802   
  -6.738008020  61.86776733   
  -6.738352780  61.86809921   
  -6.738645080  61.86877441   
  -6.738919730  61.86907578   
  -6.740290640  61.86931610   
  -6.740854740  61.86927032   
  -6.740448470  61.86946869   
  -6.740443710  61.86963272   
  -6.741630080  61.87064743   
  -6.741630550  61.87131119   
  -6.744266030  61.87166214   
  -6.744203570  61.87191010   
  -6.744518760  61.87202454   
  -6.744698050  61.87183762   
  -6.747340680  61.87221527   
  -6.749045850  61.87228012   
  -6.749214170  61.87237167   
  -6.750636100  61.87235641   
  -6.750934600  61.87240982   
  -6.752974990  61.87252045   
  -6.753086090  61.87264252   
  -6.753832340  61.87260818   
  -6.755486010  61.87246323   
  -6.756644730  61.87269974   
  -6.757227900  61.87314987   
  -6.757558820  61.87322617   
  -6.758421420  61.87324142   
  -6.758380890  61.87350845   
  -6.760561940  61.87385941   
  -6.760980130  61.87375641   
  -6.761518000  61.87392044   
  -6.762619500  61.87407303   
  -6.763521670  61.87409592   
  -6.766486170  61.87465668   
  -6.766878600  61.87483215   
  -6.767121320  61.87476349   
  -6.768666740  61.87493134   
  -6.769075870  61.87516403   
  -6.769320010  61.87516022   
  -6.769699570  61.87556076   
  -6.770279410  61.87588501   
  -6.771519660  61.87612152   
  -6.772626880  61.87664032   
  -6.772890090  61.87684250   
  -6.774366380  61.87741470   
  -6.776214600  61.87784958   
  -6.777709010  61.87778091   
  -6.778269290  61.87787247   
  -6.778687950  61.87784195   
  -6.778766160  61.87794495   
  -6.781444550  61.87821198   
  -6.782006260  61.87807465   
  -6.781970500  61.87822723   
  -6.783685210  61.87845230   
  -6.783833030  61.87858963   
  -6.784314630  61.87861633   
  -6.784462450  61.87875366   
  -6.785680770  61.87948227   
  -6.785917760  61.87944031   
  -6.787512780  61.88035583   
  -6.788551810  61.88132477   
  -6.789723400  61.88235855   
  -6.790455340  61.88313293   
  -6.790411950  61.88333893   
  -6.790705200  61.88344193   
  -6.790486340  61.88360214   
  -6.790565010  61.88370132   
  -6.791424270  61.88355255   
  -6.791479590  61.88362503   
  -6.791174890  61.88373947   
  -6.791177270  61.88380814   
  -6.791603570  61.88380814   
  -6.791583540  61.88385391   
  -6.791170600  61.88389969   
  -6.790945050  61.88410187   
  -6.791386130  61.88447952   
  -6.791319850  61.88460159   
  -6.791375160  61.88468552   
  -6.791564940  61.88463211   
  -6.792361260  61.88525772   
  -6.792272570  61.88535309   
  -6.792462830  61.88585281   
  -6.792593960  61.88587952   
  -6.793551450  61.88690948   
  -6.793864730  61.88691711   
  -6.794479370  61.88662720   
  -6.794556140  61.88667297   
  -6.793609140  61.88713455   
  -6.793694020  61.88714600   
  -6.793992520  61.88773346   
  -6.794576170  61.88779831   
  -6.793865680  61.88788605   
  -6.795008180  61.88908768   
  -6.795607570  61.88919830   
  -6.796324730  61.88962173   
  -6.796677590  61.88966370   
  -6.798596380  61.89018631   
  -6.798943520  61.89036560   
  -6.800033090  61.89069748   
  -6.800598620  61.89067078   
  -6.802924630  61.89132690   
  -6.803370000  61.89146042   
  -6.803604600  61.89174271   
  -6.804756640  61.89205551   
  -6.807004930  61.89350891   
  -6.807496550  61.89363480   
  -6.807780270  61.89376450   
  -6.807370660  61.89384842   
  -6.807603360  61.89403152   
  -6.808186050  61.89415741   
  -6.808217050  61.89422989   
  -6.808080200  61.89422607   
  -6.807811740  61.89420700   
  -6.807697300  61.89425659   
  -6.807892800  61.89447784   
  -6.808190820  61.89448929   
  -6.808298590  61.89500427   
  -6.808855530  61.89538956   
  -6.808829780  61.89561462   
  -6.809078690  61.89591599   
  -6.809005740  61.89605713   
  -6.809663300  61.89652634   
  -6.810969350  61.89689636   
  -6.811612610  61.89694977   
  -6.812042240  61.89714813   
  -6.812855240  61.89727783   
  -6.813516620  61.89656830   
  -6.813054560  61.89736176   
  -6.813297750  61.89763260   
  -6.813670640  61.89758682   
  -6.813858990  61.89777756   
  -6.814071180  61.89773560   
  -6.814405440  61.89712906   
  -6.814572810  61.89718628   
  -6.814286230  61.89773941   
  -6.814439770  61.89787674   
  -6.814646720  61.89788818   
  -6.815051560  61.89784241   
  -6.815595630  61.89790344   
  -6.815826890  61.89802551   
  -6.818363190  61.89836121   
  -6.818421360  61.89826202   
  -6.817474370  61.89780045   
  -6.817479130  61.89772797   
  -6.818671700  61.89816666   
  -6.819246770  61.89825058   
  -6.822973250  61.89807510   
  -6.826482300  61.89771652   
  -6.826808450  61.89765167   
  -6.827062610  61.89768982   
  -6.830654620  61.89766693   
  -6.834207060  61.89765930   
  -6.836840150  61.89744186   
  -6.838951590  61.89749146   
  -6.839959140  61.89745331   
  -6.840043070  61.89745331   
  -6.840030190  61.89757919   
  -6.840530870  61.89776611   
  -6.841533180  61.89781189   
  -6.844291690  61.89861679   
  -6.844630720  61.89882660   
  -6.845869540  61.89883804   
  -6.848014350  61.89828110   
  -6.850677970  61.89807892   
  -6.853377340  61.89819336   
  -6.853793620  61.89790344   
  -6.854036810  61.89790726   
  -6.854676250  61.89772034   
  -6.854675770  61.89764786   
  -6.857393740  61.89715958   
  -6.857468610  61.89709854   
  -6.858857150  61.89692307   
  -6.859557150  61.89676285   
  -6.860425470  61.89667892   
  -6.860442640  61.89673233   
  -6.859839920  61.89683151   
  -6.859857560  61.89687347   
  -6.861560820  61.89688492   
  -6.861801150  61.89704132   
  -6.862052920  61.89700699   
  -6.861659050  61.89675903   
  -6.860610010  61.89670563   
  -6.860624310  61.89666367   
  -6.861263750  61.89650345   
  -6.861169820  61.89640045   
  -6.861259940  61.89636612   
  -6.861806390  61.89647293   
  -6.861876010  61.89656448   
  -6.862658020  61.89673996   
  -6.862957950  61.89715576   
  -6.863257410  61.89723206   
  -6.864171500  61.89711380   
  -6.864637370  61.89712143   
  -6.865539070  61.89751053   
  -6.867259980  61.89756393   
  -6.867278100  61.89763641   
  -6.865840910  61.89763260   
  -6.865673070  61.89774704   
  -6.866602900  61.89877701   
  -6.866985800  61.89874649   
  -6.868125440  61.89927673   
  -6.868190770  61.89942932   
  -6.870503900  61.89975357   
  -6.870929720  61.89962387   
  -6.872137070  61.89994812   
  -6.874644760  61.90032959   
  -6.875560760  61.90084457   
  -6.876458640  61.90123749   
  -6.876852040  61.90127945   
  -6.876896380  61.90145874   
  -6.877140520  61.90153503   
  -6.876745700  61.90170670   
  -6.876926420  61.90193558   
  -6.877125740  61.90196609   
  -6.877303120  61.90205002   
  -6.877960210  61.90275955   
  -6.877389430  61.90288544   
  -6.877378940  61.90290070   
  -6.877782340  61.90343094   
  -6.878022670  61.90350342   
  -6.878129480  61.90349960   
  -6.878843310  61.90393829   
  -6.879022120  61.90394211   
  -6.879460810  61.90395737   
  -6.879583840  61.90402222   
  -6.879547120  61.90402985   
  -6.879586220  61.90404892   
  -6.879774090  61.90399933   
  -6.879727360  61.90396118   
  -6.879711630  61.90397263   
  -6.879557130  61.90391541   
  -6.879502770  61.90387726   
  -6.879737380  61.90382004   
  -6.879749300  61.90380859   
  -6.879737850  61.90378189   
  -6.879699230  61.90376282   
  -6.879684930  61.90377426   
  -6.879674430  61.90376282   
  -6.879641530  61.90377426   
  -6.879653930  61.90378189   
  -6.879218100  61.90389252   
  -6.878942970  61.90387726   
  -6.878643040  61.90370178   
  -6.878583910  61.90370178   
  -6.878553390  61.90367508   
  -6.878365990  61.90349197   
  -6.878124240  61.90324783   
  -6.878104690  61.90320206   
  -6.878096100  61.90318298   
  -6.878112320  61.90317535   
  -6.878013610  61.90308380   
  -6.878129480  61.90305710   
  -6.878228190  61.90314865   
  -6.878836630  61.90310287   
  -6.878882880  61.90309525   
  -6.878912450  61.90307999   
  -6.879135610  61.90283203   
  -6.879130360  61.90282059   
  -6.879103180  61.90280151   
  -6.878852840  61.90281677   
  -6.878688340  61.90222168   
  -6.878886700  61.90221786   
  -6.878852840  61.90209961   
  -6.878965850  61.90209198   
  -6.878999710  61.90221024   
  -6.879198550  61.90219498   
  -6.879438880  61.90273666   
  -6.879247670  61.90277863   
  -6.879253860  61.90279770   
  -6.879274370  61.90280533   
  -6.879498480  61.90275574   
  -6.880109790  61.90286255   
  -6.879740240  61.90330887   
  -6.879219530  61.90320969   
  -6.879194260  61.90321732   
  -6.879184250  61.90325546   
  -6.880332470  61.90346909   
  -6.880441670  61.90356827   
  -6.879979130  61.90367889   
  -6.879984380  61.90368652   
  -6.879959110  61.90369797   
  -6.879948620  61.90370560   
  -6.879961970  61.90373230   
  -6.879995350  61.90375137   
  -6.880007270  61.90374374   
  -6.880670070  61.90357208   
  -6.880832200  61.90353775   
  -6.880938530  61.90351486   
  -6.881007670  61.90350723   
  -6.881113530  61.90351868   
  -6.881197930  61.90353775   
  -6.881281380  61.90357208   
  -6.881336210  61.90362930   
  -6.881459710  61.90372086   
  -6.881590840  61.90380096   
  -6.881747720  61.90387726   
  -6.881901260  61.90394211   
  -6.881971360  61.90396881   
  -6.882152080  61.90405273   
  -6.882502080  61.90425491   
  -6.882918830  61.90456009   
  -6.883090970  61.90468597   
  -6.883192060  61.90476990   
  -6.883218770  61.90482330   
  -6.883186340  61.90487671   
  -6.883071420  61.90493774   
  -6.883071420  61.90493774   
  -6.882843970  61.90503311   
  -6.882665630  61.90511322   
  -6.882439140  61.90521622   
  -6.882256980  61.90532303   
  -6.882073400  61.90541840   
  -6.881769660  61.90556717   
  -6.881637100  61.90552902   
  -6.881473060  61.90550613   
  -6.881282330  61.90551376   
  -6.881111620  61.90555573   
  -6.880983830  61.90561676   
  -6.879994870  61.90524292   
  -6.878908160  61.90479279   
  -6.878726480  61.90488815   
  -6.879061700  61.90502167   
  -6.879081730  61.90522766   
  -6.879142280  61.90531921   
  -6.879272460  61.90541840   
  -6.879471300  61.90551376   
  -6.879966740  61.90572739   
  -6.879983430  61.90573502   
  -6.880102630  61.90593338   
  -6.880507470  61.90613937   
  -6.881133560  61.90650940   
  -6.881530280  61.90652084   
  -6.881874080  61.90636444   
  -6.882875920  61.90656281   
  -6.883196830  61.90648651   
  -6.883657930  61.90632248   
  -6.883819580  61.90632248   
  -6.884471890  61.90646744   
  -6.884471890  61.90646744   
  -6.887387280  61.90773392   
  -6.889379980  61.90833282   
  -6.890221600  61.90833664   
  -6.892012120  61.90802002   
  -6.891218190  61.90732574   
  -6.892225270  61.90805054   
  -6.893693450  61.90807343   
  -6.894194600  61.90790176   
  -6.894608020  61.90787125   
  -6.895183560  61.90798187   
  -6.896535870  61.90802765   
  -6.896914960  61.90783691   
  -6.897025110  61.90761185   
  -6.897419930  61.90782547   
  -6.900584700  61.90782928   
  -6.901185510  61.90806198   
  -6.904622550  61.90864563   
  -6.907540800  61.90891266   
  -6.909568310  61.90933990   
  -6.910830020  61.90929794   
  -6.914305210  61.90881729   
  -6.917711260  61.90824127   
  -6.917488570  61.90742874   
  -6.917694090  61.90743256   
  -6.918103220  61.90830231   
  -6.920037750  61.90867233   
  -6.921259400  61.90868378   
  -6.923933510  61.90925980   
  -6.926651480  61.91012955   
  -6.927583220  61.91082382   
  -6.928119660  61.91091537   
  -6.929440980  61.91080856   
  -6.930730340  61.91103363   
  -6.931868080  61.91169739   
  -6.933612350  61.91172409   
  -6.934669490  61.91112900   
  -6.936350350  61.91136932   
  -6.936529640  61.91156006   
  -6.937668320  61.91192627   
  -6.938297750  61.91236877  
