  -6.852962490  61.76377106   
  -6.852635860  61.76209259   
  -6.852635860  61.76209259   
  -6.852043150  61.76205826   
  -6.850926880  61.76219177   
  -6.848944660  61.76132584   
  -6.849109650  61.76107788   
  -6.848657610  61.76087189   
  -6.847511290  61.76103592   
  -6.846344950  61.76088333   
  -6.845264430  61.76026154   
  -6.845461850  61.76009369   
  -6.844715120  61.75890732   
  -6.844903470  61.75883865   
  -6.844373230  61.75772476   
  -6.844207290  61.75787735   
  -6.843986030  61.75770950   
  -6.844082360  61.75754929   
  -6.842853070  61.75732422   
  -6.842659000  61.75755310   
  -6.841269490  61.75715637   
  -6.840705870  61.75708389   
  -6.840490820  61.75745010   
  -6.839740750  61.75704193   
  -6.837654110  61.75629044   
  -6.837490560  61.75594711   
  -6.836894510  61.75572205   
  -6.836493020  61.75595856   
  -6.834831710  61.75508881   
  -6.832699300  61.75415421   
  -6.832695480  61.75386047   
  -6.832495690  61.75365829   
  -6.831768510  61.75384521   
  -6.829403400  61.75271988   
  -6.829483510  61.75241852   
  -6.829522610  61.75188828   
  -6.829141620  61.75172806   
  -6.828487870  61.75191498   
  -6.827129840  61.75150681   
  -6.826683040  61.75097275   
  -6.826038840  61.75113297   
  -6.824101450  61.75065994   
  -6.823573110  61.75041962   
  -6.824601650  61.74875641   
  -6.824546810  61.74853897   
  -6.823990820  61.74839783   
  -6.823264120  61.74862671   
  -6.822356220  61.74857712   
  -6.822202210  61.74767685   
  -6.821556090  61.74767685   
  -6.821053980  61.74824142   
  -6.820913310  61.74860001   
  -6.817095760  61.74854660   
  -6.816583160  61.74829483   
  -6.816681860  61.74770355   
  -6.817224980  61.74739075   
  -6.817399500  61.74661255   
  -6.817112920  61.74677658   
  -6.815788750  61.74678421   
  -6.814826010  61.74761200   
  -6.813435550  61.74769974   
  -6.812805180  61.74776840   
  -6.812428000  61.74795914   
  -6.811742780  61.74795151   
  -6.810931210  61.74807358   
  -6.808353900  61.74808502   
  -6.807479380  61.74817657   
  -6.806876180  61.74856186   
  -6.803549770  61.74885178   
  -6.802786830  61.74866104   
  -6.802675720  61.74897385   
  -6.800313950  61.74914932   
  -6.799212460  61.74921417   
  -6.797796730  61.74906540   
  -6.797690870  61.74924088   
  -6.796010490  61.74921417   
  -6.793724540  61.74947357   
  -6.791191100  61.75000763   
  -6.790346150  61.75064087   
  -6.790016170  61.75159836   
  -6.791112420  61.75314331   
  -6.791831970  61.75434113   
  -6.792129520  61.75436020   
  -6.792318820  61.75576782   
  -6.792711260  61.75600433   
  -6.792880540  61.75623322   
  -6.792528630  61.75667572   
  -6.792809490  61.75740814   
  -6.793438430  61.75846863   
  -6.793309210  61.75918579   
  -6.794236180  61.76042938   
  -6.794696810  61.76085281   
  -6.794677260  61.76114655   
  -6.795487880  61.76158142   
  -6.796287540  61.76153183   
  -6.796393390  61.76158905   
  -6.796152590  61.76187897   
  -6.796422000  61.76282883   
  -6.796255110  61.76280594   
  -6.796143050  61.76296616   
  -6.796395300  61.76301575   
  -6.796731950  61.76387405   
  -6.797128680  61.76399612   
  -6.796932700  61.76419067   
  -6.797580240  61.76558685   
  -6.797898770  61.76552963   
  -6.798379420  61.76630783   
  -6.798636910  61.76631165   
  -6.799422740  61.76701736   
  -6.800053120  61.76760864   
  -6.800425530  61.76762390   
  -6.801346780  61.76831436   
  -6.801847930  61.76902008   
  -6.802178380  61.76911545   
  -6.802005290  61.76931000   
  -6.802311420  61.76959610   
  -6.802647110  61.76961899   
  -6.802898880  61.77033997   
  -6.803396700  61.77056503   
  -6.803117280  61.77075577   
  -6.803394790  61.77104187   
  -6.803136350  61.77117920   
  -6.802989010  61.77154541   
  -6.802852630  61.77165222   
  -6.803272250  61.77172089   
  -6.803499220  61.77157211   
  -6.803850170  61.77162170   
  -6.803798200  61.77182007   
  -6.803365710  61.77182007   
  -6.803327080  61.77188492   
  -6.803783890  61.77190781   
  -6.803816320  61.77209854   
  -6.804273130  61.77212143   
  -6.804255010  61.77251053   
  -6.804752830  61.77270508   
  -6.804932590  61.77308655   
  -6.804674150  61.77314377   
  -6.804631230  61.77332306   
  -6.804951190  61.77338028   
  -6.804975030  61.77360535   
  -6.805572030  61.77376938   
  -6.805753710  61.77433014   
  -6.806052680  61.77468491   
  -6.806041240  61.77561951   
  -6.805827620  61.77608871   
  -6.806203370  61.77714539   
  -6.805552480  61.77737045   
  -6.805644510  61.77748871   
  -6.806217670  61.77761459   
  -6.806765560  61.77756119   
  -6.806865220  61.77765274   
  -6.806753640  61.77801895   
  -6.806938170  61.77803802   
  -6.807637210  61.77794266   
  -6.807615280  61.77814102   
  -6.807253360  61.77840424   
  -6.807699200  61.77872467   
  -6.807699200  61.77872467   
  -6.808475020  61.77871704   
  -6.808722970  61.77899170   
  -6.808337690  61.77929306   
  -6.808674340  61.77943039   
  -6.808976170  61.77937317   
  -6.809640410  61.77947235   
  -6.810501100  61.77939606   
  -6.810396190  61.77962112   
  -6.811981200  61.78037262   
  -6.813372140  61.78094482   
  -6.813852310  61.78091431   
  -6.813785080  61.78111267   
  -6.814977650  61.78151703   
  -6.816153050  61.78184128   
  -6.816903110  61.78212357   
  -6.817642690  61.78217697   
  -6.818071840  61.78238297   
  -6.820634840  61.78296280   
  -6.823122980  61.78355026   
  -6.823519230  61.78353119   
  -6.823802470  61.78364944   
  -6.825823310  61.78393555   
  -6.828263760  61.78425980   
  -6.829929350  61.78417969   
  -6.832525730  61.78360748   
  -6.834702970  61.78355408   
  -6.837738040  61.78343964   
  -6.838215350  61.78328705   
  -6.841194630  61.78353119   
  -6.842957970  61.78388977   
  -6.843687530  61.78384781   
  -6.845859050  61.78451920   
  -6.846753120  61.78540421   
  -6.848463060  61.78571701   
  -6.849915500  61.78675461   
  -6.849589350  61.78688431   
  -6.849839210  61.78730392   
  -6.850815770  61.78741837   
  -6.851512910  61.78729248   
  -6.851634500  61.78717804   
  -6.852692600  61.78718567   
  -6.854344370  61.78661728   
  -6.854002480  61.78610992   
  -6.854966160  61.78477097   
  -6.855421540  61.78466034   
  -6.855464940  61.78450012   
  -6.855106830  61.78441238   
  -6.855319980  61.78383255   
  -6.854625700  61.78372192   
  -6.853890420  61.78398895   
  -6.852640630  61.78385162   
  -6.850811960  61.78317642   
  -6.851507190  61.78273010   
  -6.853302000  61.78146744   
  -6.853107930  61.78120422   
  -6.853828430  61.78038788   
  -6.854826450  61.77986526   
  -6.855017190  61.77998352   
  -6.856198790  61.77949142   
  -6.856174470  61.77883530   
  -6.855916020  61.77881241   
  -6.855821130  61.77862167   
  -6.854843140  61.77766418   
  -6.853775980  61.77701187   
  -6.854230400  61.77682877   
  -6.854922290  61.77625656   
  -6.856415750  61.77582932   
  -6.856537820  61.77576828   
  -6.855916500  61.77478027   
  -6.857150080  61.77429581   
  -6.857378480  61.77379608   
  -6.857941150  61.77366257   
  -6.858067990  61.77347565   
  -6.858235360  61.77346802   
  -6.858244900  61.77371216   
  -6.859318260  61.77379227   
  -6.859431740  61.77368546   
  -6.858331680  61.77341843   
  -6.858364580  61.77297592   
  -6.858660220  61.77291870   
  -6.858385560  61.77280807   
  -6.858282570  61.77194214   
  -6.858936790  61.77183533   
  -6.858948710  61.77172089   
  -6.858247760  61.77160263   
  -6.857326030  61.77035904   
  -6.856193070  61.76990891   
  -6.855876450  61.76958084   
  -6.857815740  61.76835251   
  -6.857620720  61.76797485   
  -6.856687550  61.76757050   
  -6.855201720  61.76732635   
  -6.855039120  61.76603699   
  -6.855620860  61.76576996   
  -6.855434890  61.76554871   
  -6.853975770  61.76554489   
  -6.853613380  61.76517105   
  -6.853267190  61.76385498   
  -6.852962490  61.76377106
