  -6.741329190  61.68202972   
  -6.741267680  61.68204498   
  -6.738657000  61.68331528   
  -6.737520220  61.68388748   
  -6.736676690  61.68477249   
  -6.736830230  61.68494797   
  -6.737209320  61.68496323   
  -6.737110140  61.68520355   
  -6.737310890  61.68532944   
  -6.738878250  61.68633652   
  -6.739203450  61.68700409   
  -6.739964010  61.68735886   
  -6.740250110  61.68766022   
  -6.741197590  61.68833160   
  -6.741225720  61.68867493   
  -6.742189410  61.68930054   
  -6.743655200  61.69035721   
  -6.743988040  61.69082260   
  -6.745222570  61.69139862   
  -6.745394230  61.69166183   
  -6.744981770  61.69195175   
  -6.744835380  61.69221878   
  -6.745447640  61.69318008   
  -6.745548250  61.69315338   
  -6.745604520  61.69305801   
  -6.745695110  61.69305801   
  -6.746504310  61.69424820   
  -6.746900080  61.69509888   
  -6.746438980  61.69566727   
  -6.745331290  61.69627762   
  -6.745042320  61.69650650   
  -6.745347980  61.69713974   
  -6.746217250  61.69746017   
  -6.746912960  61.69818878   
  -6.747234340  61.69831848   
  -6.747634410  61.69926834   
  -6.747854710  61.69931030   
  -6.747854230  61.69949722   
  -6.748356820  61.69971085   
  -6.748545650  61.70015335   
  -6.749108790  61.70078278   
  -6.749762060  61.70098495   
  -6.750247480  61.70169067   
  -6.751137260  61.70207596   
  -6.753216270  61.70321274   
  -6.753743170  61.70317841   
  -6.754434110  61.70358276   
  -6.755667210  61.70374680   
  -6.755864620  61.70399475   
  -6.756784440  61.70414352   
  -6.756755830  61.70435715   
  -6.756927490  61.70441437   
  -6.757139210  61.70421219   
  -6.757991310  61.70443344   
  -6.758388520  61.70435715   
  -6.758466720  61.70470810   
  -6.759931090  61.70502090   
  -6.760144230  61.70521164   
  -6.761582850  61.70580292   
  -6.763798240  61.70650101   
  -6.763783450  61.70671082   
  -6.764079570  61.70672226   
  -6.764320370  61.70634842   
  -6.765290260  61.70601654   
  -6.766023640  61.70542526   
  -6.765909670  61.70500946   
  -6.766278270  61.70464706   
  -6.766188140  61.70399094   
  -6.765396600  61.70287323   
  -6.764886380  61.70203018   
  -6.764895920  61.70177078   
  -6.765609740  61.70157623   
  -6.765596870  61.70149231   
  -6.764154910  61.70082474   
  -6.764744280  61.69976425   
  -6.766077520  61.69966125   
  -6.767197610  61.69866562   
  -6.768418310  61.69781113   
  -6.768577100  61.69721222   
  -6.768058300  61.69703293   
  -6.767148490  61.69635391   
  -6.766992570  61.69582367   
  -6.767273430  61.69580841   
  -6.766915320  61.69557953   
  -6.766671660  61.69471359   
  -6.766095640  61.69360733   
  -6.764834880  61.69247437   
  -6.764695640  61.69123077   
  -6.764373780  61.69004059   
  -6.764082910  61.68920135   
  -6.764025690  61.68818665   
  -6.765127180  61.68819427   
  -6.765434270  61.68785095   
  -6.765881540  61.68764877   
  -6.765104290  61.68684006   
  -6.764975550  61.68708038   
  -6.764142990  61.68724442   
  -6.763935570  61.68705368   
  -6.764297010  61.68652725   
  -6.764812950  61.68650055   
  -6.765086170  61.68607330   
  -6.764524460  61.68560791   
  -6.764524460  61.68560791   
  -6.762777810  61.68653870   
  -6.762512210  61.68629456   
  -6.763223650  61.68615341   
  -6.763903140  61.68556976   
  -6.764230250  61.68447113   
  -6.764117720  61.68440628   
  -6.763791080  61.68463516   
  -6.763277050  61.68523788   
  -6.763121130  61.68514633   
  -6.763298510  61.68503952   
  -6.763619420  61.68434525   
  -6.762794970  61.68450165   
  -6.763038640  61.68427277   
  -6.762851240  61.68419647   
  -6.763301850  61.68384552   
  -6.763361450  61.68367386   
  -6.763088230  61.68366241   
  -6.763156410  61.68300629   
  -6.763370990  61.68270493   
  -6.762810710  61.68224716   
  -6.760704990  61.68193436   
  -6.759591580  61.68185425   
  -6.758241180  61.68202209   
  -6.758211140  61.68225479   
  -6.757392410  61.68267059   
  -6.754784110  61.68365097   
  -6.751526830  61.68344498   
  -6.749666690  61.68326187   
  -6.746634480  61.68292618   
  -6.744772430  61.68274307   
  -6.741329190  61.68202972
