  -6.330639360  62.30540085   
  -6.332822800  62.30543518   
  -6.337005140  62.30551529   
  -6.338065620  62.30537415   
  -6.340531350  62.30480957   
  -6.341412070  62.30478287   
  -6.344147210  62.30551529   
  -6.345342160  62.30522537   
  -6.344633100  62.30435944   
  -6.345452310  62.30399704   
  -6.346189980  62.30390167   
  -6.345548630  62.30384445   
  -6.345972060  62.30302811   
  -6.346838000  62.30270386   
  -6.348181250  62.30326843   
  -6.349213120  62.30235291   
  -6.349267010  62.30165482   
  -6.348996160  62.30142593   
  -6.350104330  62.30152512   
  -6.350411420  62.30147934   
  -6.350307940  62.30131531   
  -6.348844530  62.30101776   
  -6.348993780  62.30076981   
  -6.349274160  62.30056763   
  -6.349980830  62.30056381   
  -6.351132870  62.30001068   
  -6.350808620  62.29946518   
  -6.350750920  62.29891586   
  -6.351642610  62.29844666   
  -6.352086070  62.29842758   
  -6.352952000  62.29810333   
  -6.354346280  62.29841995   
  -6.354360580  62.29816818   
  -6.353513240  62.29766464   
  -6.353985310  62.29743195   
  -6.355044360  62.29668808   
  -6.355753420  62.29678345   
  -6.355905060  62.29650879   
  -6.355596070  62.29624939   
  -6.355651380  62.29618835   
  -6.356047150  62.29629517   
  -6.356788160  62.29642487   
  -6.357462410  62.29644012   
  -6.357649330  62.29630661   
  -6.357700820  62.29603195   
  -6.357353690  62.29571915   
  -6.357181550  62.29561615   
  -6.356478690  62.29551315   
  -6.356480600  62.29542160   
  -6.357080940  62.29526520   
  -6.357059480  62.29520035   
  -6.356355190  62.29520416   
  -6.356613640  62.29423904   
  -6.356448650  62.29372406   
  -6.357560160  62.29293060   
  -6.359043600  62.29270554   
  -6.359937670  62.29240799   
  -6.361239430  62.29140091   
  -6.361586570  62.29091263   
  -6.362016680  62.29084778   
  -6.363193510  62.28919220   
  -6.363800050  62.28909683   
  -6.363940240  62.28903580   
  -6.364047530  62.28866959   
  -6.363914970  62.28839874   
  -6.364281180  62.28813553   
  -6.364852430  62.28756332   
  -6.365065100  62.28684616   
  -6.365096570  62.28609467   
  -6.365019800  62.28504944   
  -6.365493770  62.28477097   
  -6.366273400  62.28372574   
  -6.366365430  62.28335953   
  -6.366520880  62.28325653   
  -6.367102620  62.28324127   
  -6.367243770  62.28312683   
  -6.367111680  62.28282547   
  -6.367794040  62.28243637   
  -6.367928500  62.28219604   
  -6.368545060  62.28202820   
  -6.370608330  62.28182220   
  -6.370983120  62.28188324   
  -6.371213440  62.28185272   
  -6.371584890  62.28168106   
  -6.374498370  62.28186035   
  -6.374808790  62.28199387   
  -6.375025750  62.28191757   
  -6.378848080  62.28224182   
  -6.380877020  62.28256607   
  -6.381932260  62.28267670   
  -6.386271480  62.28282166   
  -6.386958120  62.28288651   
  -6.388200280  62.28317261   
  -6.388561730  62.28311539   
  -6.389027120  62.28281784   
  -6.389273170  62.28276062   
  -6.390636920  62.28273010   
  -6.391422750  62.28289795   
  -6.391991140  62.28316879   
  -6.392289640  62.28317642   
  -6.393972400  62.28251648   
  -6.393972400  62.28202057   
  -6.394891260  62.28196716   
  -6.395334720  62.28205490   
  -6.395637990  62.28182983   
  -6.396224500  62.28195572   
  -6.399399760  62.28118134   
  -6.399794100  62.28116989   
  -6.402147770  62.28068542   
  -6.402539730  62.28034210   
  -6.403121470  62.28023529   
  -6.403380870  62.28031158   
  -6.406113150  62.27939224   
  -6.407614230  62.27864075   
  -6.408064370  62.27798462   
  -6.408495430  62.27758789   
  -6.409215450  62.27670288   
  -6.409373760  62.27638245   
  -6.410363200  62.27568054   
  -6.411811350  62.27511597   
  -6.412179950  62.27471161   
  -6.412741660  62.27413559   
  -6.414300920  62.27308655   
  -6.414777280  62.27270126   
  -6.415447710  62.27270508   
  -6.415233610  62.27286148   
  -6.415165900  62.27302170   
  -6.415257450  62.27305984   
  -6.415501120  62.27291489   
  -6.415699960  62.27275467   
  -6.415833000  62.27268600   
  -6.415812970  62.27260590   
  -6.416007520  62.27235794   
  -6.416028500  62.27180099   
  -6.416240220  62.27051926   
  -6.416078570  62.27029037   
  -6.415045740  62.26957321   
  -6.415043830  62.26957321   
  -6.413405420  62.26892090   
  -6.411162380  62.26819611   
  -6.409158230  62.26747894   
  -6.408577440  62.26734924   
  -6.408595090  62.26723480   
  -6.408537390  62.26707840   
  -6.408368110  62.26705170   
  -6.407793520  62.26669693   
  -6.407328130  62.26648331   
  -6.407362940  62.26630402   
  -6.407091140  62.26614761   
  -6.406368730  62.26576233   
  -6.405639650  62.26540756   
  -6.405258180  62.26527786   
  -6.404939650  62.26508331   
  -6.404808520  62.26479340   
  -6.404695510  62.26471710   
  -6.403878210  62.26445007   
  -6.403685570  62.26444626   
  -6.403705600  62.26430511   
  -6.402297970  62.26335144   
  -6.400883670  62.26234818   
  -6.399831300  62.26168060   
  -6.398943420  62.26080322   
  -6.398167610  62.26015091   
  -6.397731300  62.25946808   
  -6.396906380  62.25884247   
  -6.396334170  62.25804138   
  -6.395690920  62.25730133   
  -6.395589830  62.25738144   
  -6.395512100  62.25738907   
  -6.395198820  62.25697708   
  -6.395109180  62.25687790   
  -6.394932750  62.25684738   
  -6.394732950  62.25686264   
  -6.394241810  62.25714874   
  -6.394050120  62.25713730   
  -6.394633770  62.25680542   
  -6.394697190  62.25676346   
  -6.394685270  62.25660706   
  -6.394323350  62.25631332   
  -6.394186020  62.25625992   
  -6.393457410  62.25566101   
  -6.393043520  62.25545502   
  -6.392933370  62.25519180   
  -6.392615320  62.25510406   
  -6.391880990  62.25432968   
  -6.390875820  62.25309753   
  -6.390153410  62.25171661   
  -6.390018940  62.25088882   
  -6.389992240  62.25057602   
  -6.390093330  62.25034332   
  -6.390511990  62.24995422   
  -6.390494350  62.24984741   
  -6.390336510  62.24975586   
  -6.390089040  62.24972153   
  -6.390071870  62.24963379   
  -6.390169140  62.24959946   
  -6.390599250  62.24952698   
  -6.390733240  62.24940491   
  -6.391102310  62.24889755   
  -6.391758920  62.24700546   
  -6.391493800  62.24650574   
  -6.391726490  62.24628830   
  -6.391566280  62.24609375   
  -6.391412260  62.24468994   
  -6.390675540  62.24332047   
  -6.389797690  62.24166870   
  -6.389828210  62.24142838   
  -6.389544490  62.24123383   
  -6.389111520  62.24003220   
  -6.388873580  62.23982239   
  -6.388322350  62.23945236   
  -6.388729570  62.23917007   
  -6.388187410  62.23809052   
  -6.387471200  62.23666763   
  -6.386874200  62.23515701   
  -6.386698720  62.23493958   
  -6.386286740  62.23456192   
  -6.384966370  62.23380280   
  -6.384408470  62.23342133   
  -6.383941650  62.23329544   
  -6.380527020  62.23273849   
  -6.379924770  62.23269272   
  -6.379549500  62.23275757   
  -6.378250120  62.23310852   
  -6.373537540  62.23381805   
  -6.372873310  62.23381424   
  -6.372873310  62.23381424   
  -6.372666840  62.23380280   
  -6.371436600  62.23439789   
  -6.369264600  62.23488617   
  -6.368267540  62.23526382   
  -6.367598060  62.23576355   
  -6.367423060  62.23585129   
  -6.366261480  62.23588181   
  -6.365488050  62.23578644   
  -6.364062790  62.23550797   
  -6.363221650  62.23548126   
  -6.361804010  62.23595047   
  -6.361580370  62.23619843   
  -6.361459730  62.23630142   
  -6.360503670  62.23653412   
  -6.358410360  62.23702621   
  -6.356847760  62.23754501   
  -6.355382920  62.23799896   
  -6.353060250  62.23866653   
  -6.350798130  62.23918915   
  -6.348480700  62.23979187   
  -6.347463610  62.23981476   
  -6.344842910  62.23973083   
  -6.342817780  62.23954773   
  -6.341628070  62.23967743   
  -6.340826030  62.23988724   
  -6.340694430  62.24008942   
  -6.340862270  62.24032593   
  -6.340826510  62.24042511   
  -6.340652940  62.24049377   
  -6.340433600  62.24042892   
  -6.340152740  62.24031448   
  -6.339554310  62.24035645   
  -6.336339950  62.24079895   
  -6.333465580  62.24127197   
  -6.329728600  62.24204636   
  -6.326774120  62.24272537   
  -6.325308320  62.24309921   
  -6.324278350  62.24374390   
  -6.323320870  62.24392319   
  -6.323224540  62.24407578   
  -6.323359010  62.24438477   
  -6.322283740  62.24554062   
  -6.321265700  62.24603271   
  -6.321115970  62.24639511   
  -6.321734910  62.24703598   
  -6.322858810  62.24774170   
  -6.324770930  62.24824524   
  -6.325531960  62.24848557   
  -6.327379230  62.24891663   
  -6.327311990  62.24900436   
  -6.325776580  62.24868011   
  -6.325001720  62.24877167   
  -6.324251650  62.24921417   
  -6.324135300  62.24920273   
  -6.324047570  62.24908447   
  -6.323877330  62.24902725   
  -6.322403430  62.24979019   
  -6.322601800  62.24996567   
  -6.323136810  62.25003815   
  -6.321321490  62.25093842   
  -6.321264270  62.25106049   
  -6.321467880  62.25117111   
  -6.321149830  62.25163269   
  -6.320795060  62.25263214   
  -6.320849420  62.25318909   
  -6.321197510  62.25419617   
  -6.321679120  62.25564957   
  -6.321828370  62.25700760   
  -6.321611400  62.25749969   
  -6.321706770  62.25835419   
  -6.321480270  62.25852203   
  -6.319715980  62.25903320   
  -6.317768100  62.25989532   
  -6.316654210  62.26078796   
  -6.315660480  62.26214600   
  -6.315650940  62.26257706   
  -6.315276150  62.26263046   
  -6.315056800  62.26331711   
  -6.314548970  62.26362991   
  -6.314599510  62.26423264   
  -6.314172270  62.26465607   
  -6.314196110  62.26495361   
  -6.315432070  62.26529312   
  -6.316814420  62.26537323   
  -6.317630290  62.26560593   
  -6.319815640  62.26692963   
  -6.321421150  62.26723099   
  -6.322921280  62.26765442   
  -6.324162960  62.26769638   
  -6.325026990  62.26792908   
  -6.325313570  62.26824188   
  -6.325523850  62.26832581   
  -6.326103690  62.26839066   
  -6.326083180  62.26842499   
  -6.325590130  62.26848984   
  -6.325494290  62.26861191   
  -6.326059340  62.26921463   
  -6.325943470  62.26943970   
  -6.326322560  62.26950836   
  -6.326784610  62.26994705   
  -6.327432630  62.27044678   
  -6.328107360  62.27072906   
  -6.328227040  62.27090073   
  -6.328686240  62.27124405   
  -6.330358030  62.27140808   
  -6.332674030  62.27191925   
  -6.333984380  62.27251053   
  -6.336179730  62.27332687   
  -6.336403850  62.27318573   
  -6.337410930  62.27334976   
  -6.337124350  62.27354050   
  -6.337696550  62.27395630   
  -6.337657450  62.27436066   
  -6.337707040  62.27453995   
  -6.338017460  62.27464676   
  -6.340082170  62.27480316   
  -6.339009280  62.27550888   
  -6.339547630  62.27609634   
  -6.340477940  62.27656174   
  -6.340577130  62.27727127   
  -6.341205120  62.27732086   
  -6.341227530  62.27772522   
  -6.340824130  62.27795029   
  -6.340197090  62.27791214   
  -6.340163710  62.27803040   
  -6.340744500  62.27808380   
  -6.340720650  62.27813721   
  -6.339975830  62.27818680   
  -6.339888570  62.27834702   
  -6.338049890  62.27873230   
  -6.337759490  62.27870178   
  -6.335734840  62.27922821   
  -6.334390640  62.27973175   
  -6.331709380  62.27983475   
  -6.331381320  62.27972794   
  -6.331079480  62.27993774   
  -6.325665000  62.28035355   
  -6.324316500  62.28033829   
  -6.319724080  62.28031158   
  -6.318362710  62.28089523   
  -6.313125130  62.28090286   
  -6.307196620  62.28094101   
  -6.306398870  62.28067398   
  -6.305529120  62.27994919   
  -6.299681660  62.27847672   
  -6.299708370  62.27836990   
  -6.298240180  62.27825165   
  -6.298268320  62.27841568   
  -6.296526910  62.27815628   
  -6.295945640  62.27784729   
  -6.291353700  62.27773285   
  -6.290688510  62.27865219   
  -6.289981840  62.27939224   
  -6.288181300  62.27947617   
  -6.287405970  62.27992630   
  -6.286338330  62.28003311   
  -6.285617830  62.28004456   
  -6.285370830  62.28017426   
  -6.286053660  62.28042984   
  -6.287499430  62.28109741   
  -6.287164210  62.28141403   
  -6.286286350  62.28159332   
  -6.285018440  62.28143311   
  -6.284566880  62.28143311   
  -6.284840110  62.28182602   
  -6.285698890  62.28211975   
  -6.286880020  62.28238678   
  -6.286542890  62.28302765   
  -6.286948200  62.28370667   
  -6.286337380  62.28490067   
  -6.286475660  62.28522491   
  -6.287734990  62.28599548   
  -6.287445550  62.28760910   
  -6.286540990  62.28829193   
  -6.287111280  62.28938675   
  -6.288919450  62.29126358   
  -6.291360860  62.29328918   
  -6.294736390  62.29507065   
  -6.298597340  62.29637527   
  -6.299718860  62.29655838   
  -6.304551120  62.29699326   
  -6.308778760  62.29698563   
  -6.311615940  62.29693222   
  -6.311852930  62.29726028   
  -6.313922880  62.29717636   
  -6.313651080  62.29738617   
  -6.314022540  62.29791260   
  -6.316573140  62.29861069   
  -6.317961220  62.29918289   
  -6.318875790  62.29976654   
  -6.320545670  62.30147171   
  -6.321866990  62.30333710   
  -6.322697160  62.30424118   
  -6.323847290  62.30489349   
  -6.326889040  62.30556488   
  -6.327754970  62.30557251   
  -6.330639360  62.30540085   
  -6.330639360  62.30540085
