  -7.209317210  62.13512039   
  -7.209486010  62.13518524   
  -7.209922790  62.13520050   
  -7.210857390  62.13515854   
  -7.212037090  62.13513184   
  -7.212933540  62.13521194   
  -7.213729380  62.13534927   
  -7.214234350  62.13553619   
  -7.215266230  62.13615799   
  -7.218084810  62.13771439   
  -7.219768050  62.13821793   
  -7.220894810  62.13827896   
  -7.221475120  62.13835907   
  -7.221568110  62.13841248   
  -7.224377160  62.13906097   
  -7.228688720  62.13967133   
  -7.231894020  62.14050293   
  -7.232170580  62.14053345   
  -7.232115270  62.14072037   
  -7.232436180  62.14094162   
  -7.235183240  62.14183807   
  -7.236751560  62.14235306   
  -7.237386700  62.14301682   
  -7.237661360  62.14314270   
  -7.238097670  62.14342880   
  -7.238639350  62.14367676   
  -7.239840510  62.14447403   
  -7.240253450  62.14456177   
  -7.240382190  62.14472198   
  -7.240199090  62.14497375   
  -7.241065980  62.14649963   
  -7.241499900  62.14712524   
  -7.242203710  62.14749527   
  -7.243327620  62.14830017   
  -7.244389530  62.14941788   
  -7.244618890  62.14943695   
  -7.245117660  62.14937210   
  -7.244594570  62.14955521   
  -7.244515420  62.15036011   
  -7.244465350  62.15135574   
  -7.244172570  62.15193558   
  -7.243872640  62.15237427   
  -7.243023870  62.15353775   
  -7.242939470  62.15367126   
  -7.242954730  62.15404129   
  -7.242600440  62.15422440   
  -7.242499830  62.15443802   
  -7.242567540  62.15468979   
  -7.241990090  62.15568161   
  -7.241200450  62.15737534   
  -7.241306780  62.15756607   
  -7.241192340  62.15761948   
  -7.241090300  62.15808487   
  -7.242559430  62.15884018   
  -7.243847370  62.15924072   
  -7.246007440  62.15966415   
  -7.247501370  62.15979004   
  -7.248575210  62.15987396   
  -7.249003410  62.15987396   
  -7.250286100  62.15970993   
  -7.251880650  62.15964890   
  -7.252417090  62.15957260   
  -7.253092290  62.15934753   
  -7.254673000  62.15919876   
  -7.257256030  62.15885544   
  -7.258691310  62.15843201   
  -7.259735580  62.15826416   
  -7.260556700  62.15787125   
  -7.261847020  62.15739441   
  -7.262951850  62.15703964   
  -7.264088150  62.15650558   
  -7.265062330  62.15618515   
  -7.265981670  62.15608978   
  -7.266542910  62.15574646   
  -7.267126080  62.15562057   
  -7.268790250  62.15528107   
  -7.270186900  62.15499496   
  -7.270300870  62.15491486   
  -7.270116810  62.15487671   
  -7.270233150  62.15471649   
  -7.270179270  62.15465164   
  -7.269896030  62.15460205   
  -7.270057200  62.15450668   
  -7.271391390  62.15430069   
  -7.273500920  62.15402985   
  -7.275418280  62.15376663   
  -7.277909760  62.15345764   
  -7.277588840  62.15312958   
  -7.278178220  62.15288544   
  -7.278700830  62.15280914   
  -7.279568200  62.15267563   
  -7.280257230  62.15267563   
  -7.281201360  62.15247345   
  -7.282296660  62.15217972   
  -7.282366280  62.15211105   
  -7.282435890  62.15199280   
  -7.282643320  62.15199661   
  -7.283562660  62.15162277   
  -7.283708100  62.15169525   
  -7.283793450  62.15171432   
  -7.283930780  62.15169907   
  -7.285111900  62.15134430   
  -7.286868100  62.15099716   
  -7.287159920  62.15089417   
  -7.288095470  62.15077972   
  -7.288539410  62.15076828   
  -7.288878440  62.15061188   
  -7.288701530  62.15048218   
  -7.288563250  62.15044403   
  -7.288104060  62.15042114   
  -7.287659650  62.15030670   
  -7.287927630  62.15032196   
  -7.289598940  62.15039444   
  -7.291384220  62.15045166   
  -7.293032170  62.15052795   
  -7.294165130  62.15058517   
  -7.295515540  62.15056610   
  -7.295866970  62.15048981   
  -7.295921800  62.15037537   
  -7.296044830  62.15036774   
  -7.296359060  62.15044403   
  -7.296642780  62.15045547   
  -7.296819210  62.15038681   
  -7.296826360  62.15029526   
  -7.296795850  62.15015030   
  -7.297294140  62.15013123   
  -7.297477250  62.15007782   
  -7.297891620  62.15015793   
  -7.298289300  62.14997101   
  -7.298470500  62.14989471   
  -7.299177650  62.14994812   
  -7.299543380  62.14989090   
  -7.299919130  62.14972305   
  -7.300374030  62.14993668   
  -7.300806050  62.14993286   
  -7.301013470  62.14971924   
  -7.302053450  62.14958954   
  -7.302397730  62.14923477   
  -7.303392890  62.14920807   
  -7.303482530  62.14908600   
  -7.303335190  62.14886856   
  -7.304782390  62.14875793   
  -7.306036950  62.14842606   
  -7.306333070  62.14855194   
  -7.308123110  62.14808273   
  -7.308037280  62.14793777   
  -7.307806020  62.14788055   
  -7.307819840  62.14773560   
  -7.309082510  62.14756393   
  -7.309982300  62.14722443   
  -7.310347080  62.14736557   
  -7.311434270  62.14696503   
  -7.312623020  62.14670944   
  -7.312441830  62.14641190   
  -7.312811850  62.14637756   
  -7.312539580  62.14603424   
  -7.313532830  62.14587784   
  -7.313409810  62.14563370   
  -7.314824100  62.14556885   
  -7.314865110  62.14551544   
  -7.315856460  62.14518738   
  -7.316937920  62.14512634   
  -7.317790510  62.14521790   
  -7.319916730  62.14484024   
  -7.320316310  62.14469147   
  -7.321204660  62.14462280   
  -7.323527810  62.14393997   
  -7.326165200  62.14353180   
  -7.326607230  62.14320755   
  -7.327622890  62.14329910   
  -7.328083040  62.14313507   
  -7.328395840  62.14323807   
  -7.328307150  62.14335251   
  -7.328851700  62.14363861   
  -7.330114360  62.14370728   
  -7.331944940  62.14363098   
  -7.332044600  62.14342499   
  -7.335076330  62.14380264   
  -7.336154940  62.14429092   
  -7.337060930  62.14484024   
  -7.338310720  62.14500809   
  -7.338626380  62.14485168   
  -7.338303570  62.14482117   
  -7.338641640  62.14460754   
  -7.340185170  62.14459229   
  -7.342818740  62.14316940   
  -7.343328480  62.14247513   
  -7.343123910  62.14151001   
  -7.342174050  62.14046860   
  -7.340987680  62.13956451   
  -7.340562340  62.13805008   
  -7.340644360  62.13682938   
  -7.341808320  62.13596344   
  -7.342304230  62.13548660   
  -7.342549800  62.13464355   
  -7.342577930  62.13461685   
  -7.342727660  62.13388443   
  -7.342495920  62.13324356   
  -7.342088700  62.13300323   
  -7.340419770  62.13269806   
  -7.340430260  62.13260651   
  -7.342090610  62.13272476   
  -7.342542170  62.13260651   
  -7.343096730  62.13197708   
  -7.343430040  62.13190842   
  -7.343376160  62.13166428   
  -7.344100480  62.13146591   
  -7.344269750  62.13124466   
  -7.345279220  62.13056564   
  -7.344805240  62.13029099   
  -7.344976900  62.13020325   
  -7.345601080  62.13021851   
  -7.346932410  62.13000107   
  -7.347109790  62.12981415   
  -7.346774580  62.12928009   
  -7.347031120  62.12854767   
  -7.346865180  62.12842178   
  -7.346798900  62.12815857   
  -7.346412660  62.12775040   
  -7.346558570  62.12753677   
  -7.347833630  62.12719345   
  -7.347963810  62.12698746   
  -7.347596170  62.12693787   
  -7.344429020  62.12720490   
  -7.344423290  62.12713242   
  -7.347746850  62.12681580   
  -7.348731520  62.12665558   
  -7.348944190  62.12651443   
  -7.349193100  62.12603378   
  -7.349390980  62.12584686   
  -7.350261690  62.12542725   
  -7.350513940  62.12505341   
  -7.350929740  62.12505722   
  -7.352675910  62.12488937   
  -7.355759620  62.12417984   
  -7.357268330  62.12418747   
  -7.358432770  62.12459946   
  -7.360024450  62.12512970   
  -7.361647610  62.12540054   
  -7.363554000  62.12553024   
  -7.363851070  62.12538910   
  -7.364812370  62.12567139   
  -7.365512370  62.12569809   
  -7.367185120  62.12632751   
  -7.366817470  62.12646484   
  -7.367081640  62.12664795   
  -7.368088720  62.12671280   
  -7.369272710  62.12723160   
  -7.369023800  62.12730026   
  -7.369091030  62.12736511   
  -7.369830130  62.12735367   
  -7.370009420  62.12776184   
  -7.369831090  62.12800980   
  -7.369974140  62.12810135   
  -7.372517590  62.12805176   
  -7.373712540  62.12779617   
  -7.374090670  62.12800598   
  -7.374149800  62.12833786   
  -7.374817370  62.12883377   
  -7.376585010  62.12852097   
  -7.376081940  62.12950134   
  -7.377255440  62.12918472   
  -7.377454760  62.12900543   
  -7.378826620  62.12873459   
  -7.379450320  62.12873459   
  -7.380324360  62.12910461   
  -7.380508900  62.12908554   
  -7.380685810  62.12890244   
  -7.381923200  62.12832260   
  -7.383821490  62.12775040   
  -7.383919720  62.12759018   
  -7.384615420  62.12774277   
  -7.384316440  62.12792969   
  -7.384381290  62.12803650   
  -7.385094170  62.12793732   
  -7.385566710  62.12763596   
  -7.388862610  62.12768555   
  -7.389188290  62.12783432   
  -7.389421460  62.12781906   
  -7.390176770  62.12752914   
  -7.391942980  62.12723541   
  -7.392997260  62.12749863   
  -7.392480850  62.12797928   
  -7.392964360  62.12783051   
  -7.393226150  62.12755585   
  -7.394263740  62.12813568   
  -7.397293570  62.12871552   
  -7.398977760  62.12947083   
  -7.399343490  62.13010406   
  -7.399533270  62.13018036   
  -7.400009160  62.13021088   
  -7.399543290  62.13031387   
  -7.399590970  62.13050461   
  -7.399898530  62.13074112   
  -7.400206570  62.13188553   
  -7.399786470  62.13203049   
  -7.400445460  62.13215637   
  -7.400787350  62.13251114   
  -7.400568010  62.13259888   
  -7.400651450  62.13265228   
  -7.401277070  62.13286591   
  -7.401604650  62.13385010   
  -7.402133940  62.13396072   
  -7.401716230  62.13420868   
  -7.401607510  62.13444901   
  -7.401452540  62.13466263   
  -7.402105810  62.13475037   
  -7.402344230  62.13499832   
  -7.402575490  62.13500977   
  -7.402832980  62.13489532   
  -7.402933120  62.13492203   
  -7.402987000  62.13539124   
  -7.403401850  62.13589096   
  -7.403557780  62.13671875   
  -7.403709410  62.13682556   
  -7.407240390  62.13661575   
  -7.408438210  62.13697052   
  -7.409210210  62.13691711   
  -7.409749030  62.13673401   
  -7.410918710  62.13539124   
  -7.412785050  62.13631058   
  -7.411955830  62.13646317   
  -7.411763670  62.13669586   
  -7.410871980  62.13679123   
  -7.410876270  62.13690186   
  -7.412507060  62.13682175   
  -7.413661960  62.13681412   
  -7.413842680  62.13673782   
  -7.413099770  62.13656616   
  -7.413147930  62.13652039   
  -7.415036200  62.13676834   
  -7.415555480  62.13717651   
  -7.416703700  62.13719177   
  -7.417014120  62.13734818   
  -7.416780950  62.13744354   
  -7.416836740  62.13758850   
  -7.418012620  62.13769913   
  -7.418219570  62.13777542   
  -7.418899540  62.13816071   
  -7.419858930  62.13856506   
  -7.420812610  62.13933182   
  -7.421216960  62.13966751   
  -7.421930310  62.13982773   
  -7.422265530  62.14012909   
  -7.423173900  62.14066696   
  -7.423541550  62.14097595   
  -7.424150940  62.14098358   
  -7.424263480  62.14107513   
  -7.424195770  62.14127350   
  -7.424840450  62.14134216   
  -7.426049710  62.14236069   
  -7.426403520  62.14234924   
  -7.428518770  62.14277649   
  -7.431876660  62.14217758   
  -7.435064790  62.14229202   
  -7.437102790  62.14322281   
  -7.438657760  62.14447021   
  -7.438532350  62.14570999   
  -7.440660480  62.14599991   
  -7.440864560  62.14632797   
  -7.443465230  62.14675903   
  -7.444656370  62.14665604   
  -7.445740220  62.14629364   
  -7.447893140  62.14580536   
  -7.449534420  62.14511490   
  -7.449798110  62.14483643   
  -7.449244500  62.14448166   
  -7.448125360  62.14408493   
  -7.446804520  62.14364624   
  -7.446891780  62.14354706   
  -7.449215410  62.14422226   
  -7.450873850  62.14469910   
  -7.452808860  62.14468384   
  -7.453576090  62.14412689   
  -7.453403000  62.14398193   
  -7.451388360  62.14379501   
  -7.451492790  62.14366150   
  -7.453053000  62.14380646   
  -7.453197480  62.14361191   
  -7.453814030  62.14363480   
  -7.453863620  62.14356232   
  -7.453334330  62.14348602   
  -7.453366280  62.14342499   
  -7.456010340  62.14372253   
  -7.457870960  62.14334869   
  -7.460033890  62.14273453   
  -7.461758140  62.14210892   
  -7.463940140  62.14114380   
  -7.463860510  62.14097214   
  -7.463019370  62.14099121   
  -7.462786670  62.14077377   
  -7.463366990  62.13973618   
  -7.465414050  62.13836670   
  -7.465511800  62.13794708   
  -7.465376850  62.13637543   
  -7.465122220  62.13564301   
  -7.464713570  62.13541412   
  -7.463423730  62.13520432   
  -7.463661190  62.13480377   
  -7.464252470  62.13508606   
  -7.465294360  62.13531494   
  -7.465736390  62.13445663   
  -7.465532300  62.13436508   
  -7.463648800  62.13466644   
  -7.462775710  62.13414764   
  -7.461540700  62.13327026   
  -7.461526870  62.13198853   
  -7.462031840  62.13183212   
  -7.462286470  62.13157272   
  -7.461939330  62.13134384   
  -7.461929800  62.13069916   
  -7.462319850  62.13053131   
  -7.461709980  62.13034439   
  -7.460243700  62.12942123   
  -7.460934640  62.12881088   
  -7.462958810  62.12954330   
  -7.463810440  62.12965012   
  -7.463956360  62.12870026   
  -7.463486190  62.12849045   
  -7.463021280  62.12857437   
  -7.462347030  62.12844849   
  -7.462399010  62.12828827   
  -7.461832050  62.12816620   
  -7.459597110  62.12795258   
  -7.458100800  62.12701797   
  -7.458806990  62.12618256   
  -7.459624290  62.12515259   
  -7.460504530  62.12409210   
  -7.460714820  62.12406921   
  -7.461022380  62.12382889   
  -7.461754320  62.12383652   
  -7.462049960  62.12348938   
  -7.461390500  62.12340927   
  -7.461441990  62.12296295   
  -7.462248330  62.12279129   
  -7.462824820  62.12257385   
  -7.462872980  62.12226868   
  -7.461382390  62.12190247   
  -7.461606030  62.12165451   
  -7.462440010  62.12184143   
  -7.463294510  62.12189865   
  -7.464038370  62.12170792   
  -7.464373110  62.12137985   
  -7.463827610  62.12109375   
  -7.462069030  62.12091446   
  -7.461927410  62.12079620   
  -7.462843420  62.12027740   
  -7.463315010  62.12024689   
  -7.463526730  62.12037277   
  -7.464175700  62.12031555   
  -7.463591100  62.12001419   
  -7.463574890  62.11984253   
  -7.462991240  62.11978531   
  -7.462504860  62.11980438   
  -7.462339880  62.11991882   
  -7.461724280  62.11913300   
  -7.461719510  62.11885452   
  -7.460516450  62.11814880   
  -7.459447380  62.11738205   
  -7.458966730  62.11700058   
  -7.457432270  62.11630249   
  -7.456387040  62.11577606   
  -7.455526350  62.11521149   
  -7.454175000  62.11483765   
  -7.454009060  62.11523819   
  -7.454257490  62.11544037   
  -7.453969960  62.11551666   
  -7.453146460  62.11546326   
  -7.452647690  62.11520767   
  -7.453144070  62.11505890   
  -7.453008170  62.11501312   
  -7.452116490  62.11494827   
  -7.449769500  62.11395264   
  -7.449399470  62.11368942   
  -7.449651240  62.11352158   
  -7.448404790  62.11301422   
  -7.448558330  62.11278152   
  -7.448166850  62.11252594   
  -7.445683960  62.11212921   
  -7.444710730  62.11175156   
  -7.444676400  62.11163330   
  -7.445065500  62.11174393   
  -7.444850440  62.11126709   
  -7.445198060  62.11076736   
  -7.445024490  62.11059570   
  -7.445585250  62.11016083   
  -7.445855620  62.10945511   
  -7.445766930  62.10934830   
  -7.445357800  62.10985565   
  -7.444788930  62.11007309   
  -7.444463250  62.10943222   
  -7.443782810  62.10857773   
  -7.443178650  62.10866165   
  -7.443010330  62.10861588   
  -7.443070410  62.10845566   
  -7.443387990  62.10834885   
  -7.443023200  62.10798645   
  -7.442235950  62.10828400   
  -7.442791460  62.10847855   
  -7.442727570  62.10855865   
  -7.441979890  62.10837936   
  -7.440451150  62.10870361   
  -7.440144060  62.10867310   
  -7.439219470  62.10776520   
  -7.438658240  62.10701370   
  -7.437744140  62.10697556   
  -7.437353610  62.10711670   
  -7.436174390  62.10716629   
  -7.435843940  62.10691833   
  -7.436215880  62.10639191   
  -7.436104770  62.10602188   
  -7.436545370  62.10476303   
  -7.436907770  62.10449600   
  -7.437343120  62.10415268   
  -7.437239170  62.10401535   
  -7.437100890  62.10401535   
  -7.436449530  62.10443115   
  -7.436184880  62.10450745   
  -7.435701370  62.10396194   
  -7.435790540  62.10356903   
  -7.434942720  62.10339737   
  -7.434372430  62.10294342   
  -7.433867930  62.10280228   
  -7.431938650  62.10109329   
  -7.431821350  62.09998703   
  -7.431100850  62.09962082   
  -7.430362700  62.09818268   
  -7.431195260  62.09771729   
  -7.430417540  62.09770966   
  -7.430706020  62.09736252   
  -7.430202010  62.09676361   
  -7.429797170  62.09689331   
  -7.430061340  62.09707642   
  -7.430017950  62.09717560   
  -7.430254460  62.09727478   
  -7.430067060  62.09738159   
  -7.429592610  62.09725189   
  -7.428816320  62.09722137   
  -7.428100110  62.09629059   
  -7.427503110  62.09620285   
  -7.426880840  62.09571838   
  -7.427171710  62.09549713   
  -7.427014830  62.09516525   
  -7.421818730  62.09355927   
  -7.417111400  62.09280777   
  -7.414503570  62.09208679   
  -7.412943360  62.09181595   
  -7.413523670  62.09167099   
  -7.413390160  62.09155273   
  -7.412260530  62.09176254   
  -7.408872600  62.09131241   
  -7.404071810  62.09180450   
  -7.402695660  62.09080124   
  -7.403140070  62.09017563   
  -7.402226920  62.08991623   
  -7.402326580  62.08970261   
  -7.402847770  62.08973312   
  -7.403841970  62.08946609   
  -7.404253480  62.08958817   
  -7.404432770  62.08949280   
  -7.404516700  62.08909607   
  -7.404060360  62.08866882   
  -7.402827740  62.08894348   
  -7.403138160  62.08912659   
  -7.402989390  62.08918762   
  -7.402660370  62.08913803   
  -7.402174000  62.08939362   
  -7.402256010  62.08951187   
  -7.402069090  62.08957291   
  -7.401718140  62.08946991   
  -7.400419710  62.08965302   
  -7.400547980  62.08950043   
  -7.399036880  62.08979034   
  -7.399165630  62.09007645   
  -7.398698330  62.09003448   
  -7.398439410  62.08971786   
  -7.395963190  62.08851242   
  -7.395343300  62.08778000   
  -7.394359590  62.08729172   
  -7.392881390  62.08750916   
  -7.392938610  62.08743668   
  -7.393946650  62.08720779   
  -7.392051700  62.08614349   
  -7.391085620  62.08583450   
  -7.388126370  62.08572769   
  -7.388152120  62.08568573   
  -7.388338570  62.08559799   
  -7.388188360  62.08550644   
  -7.387774940  62.08564377   
  -7.387656210  62.08578491   
  -7.385484220  62.08583450   
  -7.384066100  62.08523178   
  -7.379287720  62.08527756   
  -7.377861980  62.08576202   
  -7.370731350  62.08578491   
  -7.369626050  62.08546829   
  -7.366182800  62.08361435   
  -7.364338870  62.08264923   
  -7.360836510  62.08159256   
  -7.357317450  62.08104706   
  -7.352681160  62.08077621   
  -7.348781110  62.08081055   
  -7.348776820  62.08092880   
  -7.348538400  62.08094406   
  -7.348503110  62.08081818   
  -7.345393180  62.08044052   
  -7.342003350  62.07929230   
  -7.337971210  62.07848358   
  -7.336524960  62.07807922   
  -7.334325790  62.07785416   
  -7.329615120  62.07773590   
  -7.328424450  62.07728195   
  -7.327250960  62.07716751   
  -7.325087550  62.07637024   
  -7.324234960  62.07614517   
  -7.319958210  62.07447433   
  -7.319149970  62.07385635   
  -7.318282600  62.07379150   
  -7.316774370  62.07336807   
  -7.315743450  62.07318497   
  -7.316268440  62.07272339   
  -7.315889360  62.07217407   
  -7.315980430  62.07176971   
  -7.316781040  62.07089996   
  -7.316214560  62.07027435   
  -7.320117950  62.07015991   
  -7.321581360  62.07090378   
  -7.322561260  62.07104874   
  -7.322726730  62.07103348   
  -7.324567320  62.07069778   
  -7.324567320  62.07069778   
  -7.324465750  62.07059860   
  -7.324475770  62.07058716   
  -7.322529790  62.07092285   
  -7.322044850  62.07086563   
  -7.320497510  62.07008362   
  -7.320521830  62.06998444   
  -7.320907590  62.06996918   
  -7.321540830  62.06970215   
  -7.322681900  62.06979370   
  -7.325553890  62.07030487   
  -7.325469020  62.07042313   
  -7.325355530  62.07049942   
  -7.325220110  62.07065964   
  -7.326737880  62.07083893   
  -7.326937200  62.07090759   
  -7.326944830  62.07094193   
  -7.326754090  62.07106400   
  -7.326661590  62.07107162   
  -7.326212410  62.07092285   
  -7.326090810  62.07101440   
  -7.327673440  62.07154465   
  -7.327868460  62.07144547   
  -7.331189630  62.07273483   
  -7.331213000  62.07272720   
  -7.331012730  62.07264328   
  -7.331041340  62.07264328   
  -7.331074710  62.07262421   
  -7.331144330  62.07258224   
  -7.331210610  62.07255554   
  -7.331283090  62.07252884   
  -7.331329350  62.07252121   
  -7.331365590  62.07252121   
  -7.331404210  62.07252121   
  -7.331449030  62.07254028   
  -7.331510540  62.07256699   
  -7.331638340  62.07261658   
  -7.331769940  62.07265091   
  -7.331821440  62.07266235   
  -7.331845760  62.07266998   
  -7.331855770  62.07266235   
  -7.331869600  62.07265472   
  -7.331902500  62.07264328   
  -7.331974980  62.07258224   
  -7.332122330  62.07251358   
  -7.332161900  62.07248688   
  -7.332189560  62.07247925   
  -7.332207680  62.07246017   
  -7.332322600  62.07242584   
  -7.333990100  62.07304764   
  -7.337452890  62.07406616   
  -7.343018530  62.07475281   
  -7.347105980  62.07489395   
  -7.349103930  62.07469177   
  -7.351580140  62.07382202   
  -7.355921750  62.07219696   
  -7.359328270  62.07128525   
  -7.361056330  62.07158279   
  -7.362938880  62.07206345   
  -7.363714220  62.07252121   
  -7.368295190  62.07458878   
  -7.371469020  62.07576370   
  -7.372948170  62.07635880   
  -7.374056340  62.07632446   
  -7.376089100  62.07697678   
  -7.377970700  62.07723236   
  -7.379502300  62.07791519   
  -7.388846400  62.07858276   
  -7.389110570  62.07803726   
  -7.392165660  62.07641983   
  -7.393167970  62.07611084   
  -7.393363480  62.07577896   
  -7.395254140  62.07561111   
  -7.399937150  62.07448196   
  -7.400423050  62.07419205   
  -7.406518460  62.07403564   
  -7.409246440  62.07458878   
  -7.411162850  62.07498932   
  -7.412113190  62.07490158   
  -7.412202840  62.07472229   
  -7.411531930  62.07430267   
  -7.412310600  62.07353973   
  -7.413499830  62.07341766   
  -7.414328580  62.07253647   
  -7.411380770  62.07169724   
  -7.408028600  62.07122803   
  -7.409274100  62.07098770   
  -7.409865860  62.07028580   
  -7.409160140  62.07005310   
  -7.406872750  62.07035065   
  -7.405194280  62.06998062   
  -7.403951640  62.06940079   
  -7.403396610  62.06925964   
  -7.403703690  62.06902313   
  -7.403460030  62.06870651   
  -7.403743740  62.06873322   
  -7.404803750  62.06808090   
  -7.406050210  62.06785583   
  -7.407153130  62.06795883   
  -7.407496450  62.06783676   
  -7.407052520  62.06731796   
  -7.407204150  62.06687164   
  -7.403522970  62.06627274   
  -7.401370530  62.06578064   
  -7.400310520  62.06556320   
  -7.399926190  62.06529617   
  -7.399171350  62.06513596   
  -7.399375920  62.06473541   
  -7.397209170  62.06419754   
  -7.394663330  62.06378174   
  -7.394611840  62.06351852   
  -7.394324300  62.06334686   
  -7.392078880  62.06311417   
  -7.391971590  62.06289673   
  -7.391346450  62.06295395   
  -7.390839580  62.06295395   
  -7.390069010  62.06275940   
  -7.388257500  62.06267548   
  -7.386934280  62.06178665   
  -7.385235790  62.06084442   
  -7.384944920  62.05990601   
  -7.385437010  62.05946350   
  -7.385325430  62.05932617   
  -7.386580940  62.05882263   
  -7.387187960  62.05863190   
  -7.387138840  62.05847549   
  -7.386451240  62.05812836   
  -7.386205200  62.05810547   
  -7.385032180  62.05757141   
  -7.384070870  62.05758667   
  -7.383920670  62.05746078   
  -7.384535790  62.05722427   
  -7.383908270  62.05669022   
  -7.383213520  62.05654526   
  -7.380149360  62.05671692   
  -7.379899980  62.05657959   
  -7.380417820  62.05648804   
  -7.379934310  62.05626678   
  -7.378788950  62.05599976   
  -7.378804680  62.05624390   
  -7.375851630  62.05561447   
  -7.373839860  62.05527878   
  -7.374193670  62.05506516   
  -7.373753550  62.05492783   
  -7.373336790  62.05516434   
  -7.372127530  62.05499649   
  -7.371551510  62.05478287   
  -7.369053360  62.05413437   
  -7.368189330  62.05418777   
  -7.368017200  62.05383682   
  -7.366723540  62.05348587   
  -7.366209980  62.05342865   
  -7.365910050  62.05317307   
  -7.364661690  62.05283356   
  -7.364983560  62.05265045   
  -7.364057540  62.05254745   
  -7.362855430  62.05259705   
  -7.360223290  62.05270004   
  -7.357834340  62.05287170   
  -7.354354380  62.05330658   
  -7.352456090  62.05348969   
  -7.352031230  62.05334854   
  -7.349508290  62.05313110   
  -7.347545150  62.05281830   
  -7.344952110  62.05266190   
  -7.345176220  62.05244827   
  -7.344380380  62.05230713   
  -7.343976500  62.05241776   
  -7.343028550  62.05229950   
  -7.341541290  62.05175018   
  -7.341258530  62.05062485   
  -7.340916630  62.05050278   
  -7.339255330  62.05031586   
  -7.337261200  62.04973221   
  -7.336625100  62.04951096   
  -7.334320070  62.04923248   
  -7.330720900  62.04870224   
  -7.328544140  62.04848862   
  -7.328382020  62.04854965   
  -7.328538420  62.04870224   
  -7.327903750  62.04858780   
  -7.326951030  62.04835129   
  -7.325706010  62.04838181   
  -7.325817110  62.04848099   
  -7.326350210  62.04863358   
  -7.326360230  62.04875946   
  -7.325150010  62.04843903   
  -7.323537830  62.04819489   
  -7.322496410  62.04785919   
  -7.321364400  62.04788971   
  -7.321066860  62.04784012   
  -7.321427350  62.04764557   
  -7.321299080  62.04716873   
  -7.320742610  62.04702759   
  -7.320632460  62.04690933   
  -7.321636680  62.04697800   
  -7.322603230  62.04720306   
  -7.323007580  62.04709244   
  -7.322708130  62.04665756   
  -7.320162300  62.04610443   
  -7.319427010  62.04515457   
  -7.317698480  62.04431534   
  -7.316890720  62.04387665   
  -7.315871240  62.04384613   
  -7.315629960  62.04392242   
  -7.315699100  62.04412079   
  -7.315552230  62.04414749   
  -7.315431120  62.04409027   
  -7.314131740  62.04410172   
  -7.314066410  62.04401016   
  -7.314467910  62.04397202   
  -7.314443590  62.04379272   
  -7.314665790  62.04378510   
  -7.314856050  62.04384232   
  -7.315521240  62.04374313   
  -7.315342900  62.04354095   
  -7.314527030  62.04318237   
  -7.310255050  62.04251862   
  -7.307301040  62.04241180   
  -7.305972100  62.04261017   
  -7.305977340  62.04289627   
  -7.305559640  62.04294586   
  -7.302127360  62.04249191   
  -7.301296710  62.04230118   
  -7.298777100  62.04244995   
  -7.297546860  62.04228973   
  -7.297288420  62.04240417   
  -7.297033310  62.04224014   
  -7.296278000  62.04210663   
  -7.296215060  62.04214096   
  -7.295425890  62.04154587   
  -7.294588090  62.04124069   
  -7.294536590  62.04110336   
  -7.294740200  62.04101562   
  -7.293663980  62.04050064   
  -7.293335910  62.04051590   
  -7.292726520  62.04016495   
  -7.290893550  62.04008102   
  -7.290634160  62.03989792   
  -7.289381500  62.03959656   
  -7.288789270  62.03931808   
  -7.287951950  62.03921127   
  -7.285295010  62.03919601   
  -7.284760480  62.03900909   
  -7.281327250  62.03868866   
  -7.280574320  62.03881073   
  -7.278759480  62.03858185   
  -7.277030470  62.03858948   
  -7.276175980  62.03868484   
  -7.274338720  62.03844833   
  -7.274281500  62.03854370   
  -7.273542880  62.03841782   
  -7.273108010  62.03846741   
  -7.272024150  62.03835678   
  -7.269865990  62.03777313   
  -7.267993930  62.03740692   
  -7.267975810  62.03752518   
  -7.267327310  62.03739929   
  -7.267341140  62.03715515   
  -7.263692860  62.03598022   
  -7.263964650  62.03564072   
  -7.263812540  62.03546143   
  -7.262702470  62.03521347   
  -7.262480740  62.03503799   
  -7.262662890  62.03499603   
  -7.261257170  62.03423309   
  -7.261189460  62.03405380   
  -7.259576800  62.03306198   
  -7.259588240  62.03273010   
  -7.257765770  62.03250122   
  -7.257728100  62.03235626   
  -7.258226870  62.03219223   
  -7.258635040  62.03161621   
  -7.258856770  62.03158188   
  -7.259179590  62.03165054   
  -7.259422780  62.03160858   
  -7.259380820  62.03147125   
  -7.259043690  62.03144836   
  -7.258578300  62.03147125   
  -7.257610800  62.03100204   
  -7.257844450  62.03072357   
  -7.257298950  62.03044128   
  -7.255968570  62.03046799   
  -7.255918980  62.03054047   
  -7.255504610  62.03049850   
  -7.255242350  62.02963257   
  -7.252750400  62.02885437   
  -7.252730850  62.02892685   
  -7.250210290  62.02885056   
  -7.249313350  62.02899170   
  -7.249481200  62.02856445   
  -7.250859740  62.02802277   
  -7.251680850  62.02806854   
  -7.252626900  62.02801132   
  -7.252857690  62.02781677   
  -7.252676010  62.02765274   
  -7.251963140  62.02761459   
  -7.250977990  62.02726364   
  -7.250375270  62.02687836   
  -7.247970580  62.02621078   
  -7.247556690  62.02639389   
  -7.247627260  62.02659988   
  -7.249326710  62.02729416   
  -7.248974320  62.02746964   
  -7.247582910  62.02710342   
  -7.247301100  62.02711868   
  -7.247280600  62.02697372   
  -7.246265890  62.02643967   
  -7.245723250  62.02646637   
  -7.245205880  62.02632523   
  -7.244550700  62.02638245   
  -7.244487290  62.02632523   
  -7.244955540  62.02618790   
  -7.244968410  62.02607346   
  -7.244454380  62.02563477   
  -7.244158270  62.02549744   
  -7.244568820  62.02517700   
  -7.244603630  62.02490234   
  -7.243232250  62.02419281   
  -7.240395550  62.02320480   
  -7.238975520  62.02244186   
  -7.239032750  62.02227783   
  -7.236474990  62.02090836   
  -7.234406950  62.02045059   
  -7.232521530  62.02033615   
  -7.229902740  62.02044678   
  -7.229064460  62.02079773   
  -7.228941440  62.02117157   
  -7.229637620  62.02159500   
  -7.230561730  62.02196503   
  -7.230527400  62.02209854   
  -7.230655670  62.02226257   
  -7.229777810  62.02210617   
  -7.228879450  62.02220535   
  -7.228839870  62.02236557   
  -7.229652400  62.02307510   
  -7.228908060  62.02302933   
  -7.228765960  62.02310944   
  -7.228914740  62.02340698   
  -7.228525640  62.02342987   
  -7.228284360  62.02333450   
  -7.224861150  62.02301407   
  -7.224267960  62.02308655   
  -7.224305630  62.02329254   
  -7.224000450  62.02331543   
  -7.223781590  62.02320480   
  -7.222941400  62.02319717   
  -7.221755500  62.02278519   
  -7.219221120  62.02268982   
  -7.218408110  62.02286911   
  -7.218526360  62.02257156   
  -7.217983720  62.02234268   
  -7.216639520  62.02216339   
  -7.215744970  62.02215958   
  -7.215824130  62.02201843   
  -7.215361600  62.02194977   
  -7.215055470  62.02172852   
  -7.212622170  62.02147293   
  -7.212014680  62.02163696   
  -7.210927960  62.02156067   
  -7.207074170  62.02098846   
  -7.202867510  62.02093506   
  -7.201751710  62.02122498   
  -7.199899200  62.02207184   
  -7.197952750  62.02260208   
  -7.197417260  62.02280045   
  -7.196076870  62.02320480   
  -7.194805620  62.02407837   
  -7.193223000  62.02453232   
  -7.193120480  62.02465057   
  -7.192946430  62.02468491   
  -7.192598340  62.02458954   
  -7.191727640  62.02461243   
  -7.191135880  62.02498245   
  -7.191415790  62.02513123   
  -7.190904620  62.02517700   
  -7.188827040  62.02591324   
  -7.185874460  62.02658463   
  -7.183717730  62.02662659   
  -7.183738230  62.02679062   
  -7.182830810  62.02684784   
  -7.181128500  62.02738190   
  -7.180280210  62.02788544   
  -7.178370480  62.02843475   
  -7.176659580  62.02894211   
  -7.176287650  62.02927780   
  -7.175777910  62.02933121   
  -7.174389840  62.02988052   
  -7.171970840  62.03011703   
  -7.168217660  62.03022003   
  -7.166042800  62.03039932   
  -7.163701530  62.03060913   
  -7.162391660  62.03033066   
  -7.158948420  62.03078079   
  -7.154646870  62.03189087   
  -7.152855870  62.03232193   
  -7.151987550  62.03261566   
  -7.146559720  62.03347015   
  -7.146668910  62.03402710   
  -7.149828910  62.03607941   
  -7.152027610  62.03725052   
  -7.154491900  62.03823471   
  -7.157872680  62.03927612   
  -7.159020420  62.03971481   
  -7.159104350  62.03996658   
  -7.159602640  62.03998184   
  -7.162618640  62.04093170   
  -7.162815570  62.04112244   
  -7.164483550  62.04130554   
  -7.164555070  62.04141235   
  -7.167288780  62.04184341   
  -7.168791290  62.04195404   
  -7.169119360  62.04212189   
  -7.169435020  62.04218674   
  -7.169992920  62.04216003   
  -7.172910210  62.04265594   
  -7.173338890  62.04265213   
  -7.173111440  62.04274750   
  -7.173344610  62.04281616   
  -7.173854350  62.04273224   
  -7.173620700  62.04283524   
  -7.176167490  62.04345322   
  -7.178435800  62.04376984   
  -7.178604130  62.04396057   
  -7.180903430  62.04426956   
  -7.181369780  62.04425049   
  -7.183228020  62.04470444   
  -7.184069160  62.04487610   
  -7.184581280  62.04507065   
  -7.185184960  62.04505539   
  -7.185407640  62.04507446   
  -7.185291290  62.04522705   
  -7.185437200  62.04524612   
  -7.185557840  62.04518509   
  -7.186296940  62.04533005   
  -7.187849040  62.04550171   
  -7.188146110  62.04568481   
  -7.188399790  62.04573441   
  -7.188857560  62.04610825   
  -7.188384060  62.04705429   
  -7.187622550  62.04757309   
  -7.185429570  62.04813766   
  -7.185647490  62.04826355   
  -7.184956550  62.04817581   
  -7.182494160  62.04783630   
  -7.182397370  62.04791641   
  -7.181844230  62.04782867   
  -7.181593890  62.04795074   
  -7.180738930  62.04776001   
  -7.180009840  62.04773331   
  -7.179181100  62.04742432   
  -7.179057600  62.04740524   
  -7.179070470  62.04735184   
  -7.179105280  62.04715729   
  -7.176774980  62.04684448   
  -7.177005290  62.04574585   
  -7.176978590  62.04571915   
  -7.176937580  62.04570007   
  -7.176766870  62.04570770   
  -7.176723960  62.04565048   
  -7.176662920  62.04562378   
  -7.176573280  62.04561234   
  -7.176482680  62.04563141   
  -7.176429270  62.04565811   
  -7.176411150  62.04567337   
  -7.176237110  62.04663086   
  -7.176191810  62.04668427   
  -7.176149370  62.04672241   
  -7.175710200  62.04686737   
  -7.175645350  62.04686737   
  -7.172229770  62.04634476   
  -7.172071460  62.04630661   
  -7.171995160  62.04627228   
  -7.171947000  62.04621506   
  -7.172085290  62.04611206   
  -7.172105310  62.04609299   
  -7.172072410  62.04606628   
  -7.168788910  62.04558182   
  -7.168689250  62.04558945   
  -7.168634890  62.04559708   
  -7.168587210  62.04563522   
  -7.168494220  62.04577637   
  -7.167536260  62.04564667   
  -7.169817450  62.04320908   
  -7.169875620  62.04312897   
  -7.169852260  62.04307175   
  -7.169747830  62.04302597   
  -7.169652460  62.04302597   
  -7.169559960  62.04303360   
  -7.169464590  62.04306030   
  -7.169402600  62.04314041   
  -7.166983600  62.04573822   
  -7.163808820  62.04608154   
  -7.162843230  62.04655457   
  -7.161954880  62.04758453   
  -7.161954880  62.04758453   
  -7.161954880  62.04758453   
  -7.161958690  62.04796219   
  -7.160922530  62.04943848   
  -7.159945960  62.05183029   
  -7.159268860  62.05264664   
  -7.157224180  62.05311584   
  -7.156955720  62.05319214   
  -7.156687740  62.05322266   
  -7.156325820  62.05335236   
  -7.155912880  62.05344772   
  -7.155694960  62.05354309   
  -7.155546670  62.05364990   
  -7.155557630  62.05375671   
  -7.155412200  62.05381775   
  -7.155006410  62.05378723   
  -7.154917240  62.05381012   
  -7.154752250  62.05390930   
  -7.154247760  62.05408859   
  -7.153678420  62.05423355   
  -7.152823450  62.05435944   
  -7.153284550  62.05416489   
  -7.153619770  62.05403519   
  -7.153605940  62.05398178   
  -7.153269770  62.05381775   
  -7.152935980  62.05376816   
  -7.152242180  62.05347061   
  -7.151520250  62.05310059   
  -7.151460170  62.05292892   
  -7.151386740  62.05268478   
  -7.151320930  62.05231857   
  -7.151296620  62.05212021   
  -7.151374820  62.05200577   
  -7.151558400  62.05190659   
  -7.151630880  62.05171967   
  -7.151921750  62.05131149   
  -7.152088170  62.05118561   
  -7.152085780  62.05109787   
  -7.151854520  62.05109406   
  -7.151683810  62.05101013   
  -7.151662350  62.05075836   
  -7.151733880  62.05059052   
  -7.151889320  62.05052185   
  -7.151807310  62.05048370   
  -7.151793480  62.05049133   
  -7.151828770  62.05051041   
  -7.151620860  62.05059814   
  -7.151492600  62.05059433   
  -7.151363850  62.05060196   
  -7.151320930  62.05055618   
  -7.151170250  62.05007935   
  -7.151093960  62.04998016   
  -7.151463990  62.04993057   
  -7.151641370  62.05000687   
  -7.151750560  62.05006790   
  -7.152008530  62.05041504   
  -7.151961330  62.05044174   
  -7.152005670  62.05046844   
  -7.152037140  62.05044937   
  -7.152122970  62.05051422   
  -7.152214050  62.05049896   
  -7.152106290  62.05041504   
  -7.151869300  62.05009842   
  -7.151755330  62.04998779   
  -7.151565070  62.04990387   
  -7.151360030  62.04957199   
  -7.151260380  62.04956818   
  -7.150423530  62.04858017   
  -7.149263860  62.04757690   
  -7.146725650  62.04679489   
  -7.144080160  62.04620361   
  -7.143565650  62.04613495   
  -7.142861840  62.04616928   
  -7.142685890  62.04595184   
  -7.138651850  62.04498291   
  -7.136940960  62.04446411   
  -7.133881570  62.04402161   
  -7.133484840  62.04409409   
  -7.132707600  62.04392242   
  -7.130757330  62.04375458   
  -7.128189090  62.04384232   
  -7.125954150  62.04408264   
  -7.123250010  62.04454041   
  -7.120496750  62.04505157   
  -7.119438170  62.04500961   
  -7.117269040  62.04534912   
  -7.117274280  62.04529572   
  -7.117208000  62.04500580   
  -7.114799500  62.04532242   
  -7.113497730  62.04549408   
  -7.113198280  62.04545212   
  -7.110965730  62.04579926   
  -7.110967160  62.04596329   
  -7.110737320  62.04599380   
  -7.110651970  62.04589462   
  -7.107409480  62.04651642   
  -7.106772900  62.04656982   
  -7.106290820  62.04632950   
  -7.103504180  62.04650497   
  -7.103044990  62.04641724   
  -7.101813320  62.04650879   
  -7.098267560  62.04622650   
  -7.095947740  62.04640198   
  -7.094371320  62.04629135   
  -7.093811990  62.04615021   
  -7.093580250  62.04584885   
  -7.087983130  62.04536819   
  -7.087004180  62.04542542   
  -7.086382390  62.04531097   
  -7.086054330  62.04532242   
  -7.085275170  62.04587936   
  -7.084854600  62.04587936   
  -7.084292890  62.04561996   
  -7.084040160  62.04556274   
  -7.083789830  62.04568481   
  -7.083722110  62.04630661   
  -7.083186630  62.04639816   
  -7.081708430  62.04635620   
  -7.081732750  62.04685211   
  -7.081994530  62.04731369   
  -7.081092830  62.04781342   
  -7.081056590  62.04825974   
  -7.080338000  62.04846573   
  -7.079843520  62.04951096   
  -7.079284190  62.04964828   
  -7.079178330  62.04977798   
  -7.079507830  62.05028534   
  -7.079275130  62.05157852   
  -7.078913210  62.05361176   
  -7.078783510  62.05363464   
  -7.078657630  62.05517960   
  -7.078380580  62.05674744   
  -7.078751090  62.05772781   
  -7.079397200  62.05888748   
  -7.078979490  62.06005096   
  -7.079149250  62.06042099   
  -7.078921320  62.06048965   
  -7.078848840  62.06181717   
  -7.079055310  62.06206131   
  -7.078986640  62.06214905   
  -7.079226490  62.06319427   
  -7.078539850  62.06361771   
  -7.078649040  62.06443405   
  -7.078971390  62.06466293   
  -7.079415800  62.06471634   
  -7.080105300  62.06464386   
  -7.080091000  62.06481552   
  -7.079485890  62.06487656   
  -7.079225540  62.06509018   
  -7.078590390  62.06524277   
  -7.078077320  62.06524658   
  -7.077854630  62.06528473   
  -7.077756880  62.06607437   
  -7.078071120  62.06616211   
  -7.077345370  62.06631088   
  -7.074379920  62.06765366   
  -7.073236470  62.06839371   
  -7.072581290  62.06900406   
  -7.070620540  62.07015991   
  -7.070159910  62.07024384   
  -7.068708900  62.07081604   
  -7.067658420  62.07128525   
  -7.066766260  62.07158661   
  -7.065108780  62.07242584   
  -7.063395980  62.07323074   
  -7.061771390  62.07412338   
  -7.061810020  62.07441711   
  -7.061736110  62.07461548   
  -7.061362270  62.07477188   
  -7.061085220  62.07530594   
  -7.061243060  62.07553482   
  -7.061618330  62.07571030   
  -7.063069340  62.07601547   
  -7.063249590  62.07612610   
  -7.063177590  62.07620621   
  -7.062865260  62.07621002   
  -7.061591630  62.07606888   
  -7.061302660  62.07609940   
  -7.061057090  62.07622147   
  -7.061368470  62.07632446   
  -7.060967920  62.07641983   
  -7.060956000  62.07648849   
  -7.061297890  62.07659531   
  -7.061410900  62.07671356   
  -7.060616970  62.07685471   
  -7.060185430  62.07704544   
  -7.060547350  62.07740021   
  -7.060791490  62.07843781   
  -7.061704160  62.07952499   
  -7.062462810  62.08105469   
  -7.062848090  62.08125687   
  -7.063505650  62.08140182   
  -7.064068320  62.08137512   
  -7.064184670  62.08140945   
  -7.064201350  62.08144760   
  -7.064043520  62.08148956   
  -7.063404080  62.08151627   
  -7.063278680  62.08162308   
  -7.063278680  62.08189392   
  -7.062791820  62.08208466   
  -7.062699790  62.08220673   
  -7.063075540  62.08283234   
  -7.064116000  62.08404922   
  -7.064623360  62.08426285   
  -7.064892290  62.08458328   
  -7.065289020  62.08469391   
  -7.065577510  62.08497620   
  -7.066020970  62.08526230   
  -7.066122060  62.08545303   
  -7.067744260  62.08641815   
  -7.068134780  62.08669281   
  -7.068102840  62.08710480   
  -7.068189140  62.08716202   
  -7.068387510  62.08714676   
  -7.068609710  62.08747101   
  -7.068348880  62.08756638   
  -7.068380830  62.08788300   
  -7.069384570  62.08896255   
  -7.069670200  62.08905029   
  -7.070865150  62.08911896   
  -7.072613720  62.08926773   
  -7.072593210  62.08932114   
  -7.071444510  62.08952332   
  -7.071016790  62.08968735   
  -7.070701120  62.09006882   
  -7.071412560  62.09081650   
  -7.072826390  62.09198380   
  -7.074398520  62.09326172   
  -7.075973990  62.09401321   
  -7.077572350  62.09463501   
  -7.079044820  62.09506989   
  -7.080658440  62.09539795   
  -7.082520960  62.09581757   
  -7.083211420  62.09601593   
  -7.084393980  62.09628296   
  -7.086839200  62.09703445   
  -7.087196350  62.09726715   
  -7.088088040  62.09753036   
  -7.090212350  62.09811401   
  -7.090711590  62.09831238   
  -7.090951440  62.09821701   
  -7.091444490  62.09829330   
  -7.091718200  62.09829712   
  -7.093935010  62.09804916   
  -7.093967440  62.09808731   
  -7.092414380  62.09831619   
  -7.092595100  62.09840012   
  -7.092813490  62.09833908   
  -7.093358520  62.09838486   
  -7.094614980  62.09860611   
  -7.095410350  62.09878922   
  -7.096486090  62.09889221   
  -7.096581460  62.09884262   
  -7.097746850  62.09889221   
  -7.098330970  62.09896469   
  -7.100590710  62.09910202   
  -7.102835180  62.09936523   
  -7.104432580  62.09936905   
  -7.106305120  62.09926987   
  -7.108316900  62.09905624   
  -7.109952930  62.09909439   
  -7.110648630  62.09908676   
  -7.110152720  62.09896469   
  -7.110181810  62.09893036   
  -7.110930440  62.09905624   
  -7.111948970  62.09913254   
  -7.115076070  62.09931946   
  -7.117461200  62.09988022   
  -7.120797160  62.10040283   
  -7.121646880  62.10042191   
  -7.123407360  62.10066986   
  -7.125513080  62.10079956   
  -7.128859040  62.10085297   
  -7.131923200  62.10100937   
  -7.133307460  62.10099411   
  -7.134586810  62.10112762   
  -7.134701730  62.10103989   
  -7.135038380  62.10063934   
  -7.135121820  62.10037231   
  -7.135022640  62.10018158   
  -7.135282520  62.10015869   
  -7.135382650  62.10061646   
  -7.135121350  62.10091019   
  -7.135243890  62.10122681   
  -7.137870790  62.10173035   
  -7.138162610  62.10187531   
  -7.138109210  62.10196686   
  -7.138268950  62.10198593   
  -7.138337140  62.10193253   
  -7.138875010  62.10191345   
  -7.138705250  62.10205460   
  -7.139983650  62.10251999   
  -7.141570090  62.10321426   
  -7.143015860  62.10360336   
  -7.145374300  62.10414505   
  -7.148148540  62.10525894   
  -7.148369790  62.10527420   
  -7.149051190  62.10560608   
  -7.148975370  62.10568619   
  -7.150767800  62.10627365   
  -7.150844100  62.10639954   
  -7.151388650  62.10658646   
  -7.152229790  62.10668945   
  -7.154444220  62.10758972   
  -7.154129510  62.10765839   
  -7.154673100  62.10788727   
  -7.156196590  62.10820389   
  -7.159185890  62.10938644   
  -7.161538120  62.11064911   
  -7.163492200  62.11170578   
  -7.165231230  62.11243057   
  -7.165437220  62.11237717   
  -7.165660860  62.11245346   
  -7.165521620  62.11250305   
  -7.169552330  62.11435318   
  -7.171146390  62.11497498   
  -7.172119620  62.11540222   
  -7.172060010  62.11543655   
  -7.172166820  62.11553955   
  -7.171906950  62.11565018   
  -7.171982770  62.11569595   
  -7.172257900  62.11558533   
  -7.172465320  62.11564255   
  -7.172734260  62.11557388   
  -7.172772410  62.11579895   
  -7.173078540  62.11577606   
  -7.173400400  62.11590576   
  -7.174182890  62.11650848   
  -7.174466610  62.11742783   
  -7.174704070  62.11743164   
  -7.175078870  62.11735535   
  -7.175148010  62.11738205   
  -7.174627780  62.11749268   
  -7.174543860  62.11758041   
  -7.175340180  62.11782455   
  -7.177003860  62.11881638   
  -7.177188870  62.11941147   
  -7.177543640  62.12042999   
  -7.177811620  62.12046814   
  -7.177666190  62.12075424   
  -7.178955550  62.12243271   
  -7.179515360  62.12306976   
  -7.179999350  62.12328339   
  -7.181012630  62.12464142   
  -7.181688310  62.12524414   
  -7.184417250  62.12645721   
  -7.186564920  62.12741852   
  -7.187463760  62.12791443   
  -7.188560490  62.12900543   
  -7.189389710  62.12995911   
  -7.190985680  62.13098526   
  -7.193248270  62.13215637   
  -7.195327760  62.13283157   
  -7.197613240  62.13338852   
  -7.198248860  62.13338089   
  -7.202014450  62.13422012   
  -7.203117370  62.13421631   
  -7.203385350  62.13429260   
  -7.205577850  62.13455200   
  -7.206714150  62.13463974   
  -7.207472800  62.13491058   
  -7.208775520  62.13481140   
  -7.210077290  62.13449478   
  -7.210216050  62.13452148   
  -7.209387780  62.13477325   
  -7.209259030  62.13504028   
  -7.209317210  62.13512039  
