  -6.496353150  62.33716202   
  -6.496422290  62.33739853   
  -6.496378420  62.33755875   
  -6.498204230  62.33764648   
  -6.498582360  62.33809280   
  -6.498114110  62.33821869   
  -6.497921940  62.33864594   
  -6.498375890  62.33908463   
  -6.498143200  62.33942413   
  -6.499621390  62.33990860   
  -6.500621800  62.33995056   
  -6.503693100  62.34167862   
  -6.503699300  62.34228134   
  -6.503923890  62.34315491   
  -6.505792140  62.34360123   
  -6.507346630  62.34495926   
  -6.509498120  62.34669495   
  -6.509661670  62.34730911   
  -6.509251590  62.34764099   
  -6.509686470  62.34775925   
  -6.510514260  62.34784317   
  -6.509841440  62.34812927   
  -6.510302070  62.34835434   
  -6.510962010  62.34838104   
  -6.510962010  62.34838104   
  -6.511177060  62.34938431   
  -6.511865140  62.34944916   
  -6.511990550  62.34980011   
  -6.511434080  62.35045624   
  -6.512080190  62.35058594   
  -6.512635710  62.35124969   
  -6.513530250  62.35211945   
  -6.513634680  62.35267639   
  -6.514112470  62.35285568   
  -6.514585020  62.35327148   
  -6.515946870  62.35350800   
  -6.515475750  62.35403824   
  -6.517082210  62.35436630   
  -6.516982080  62.35459518   
  -6.515995500  62.35493088   
  -6.515817640  62.35478973   
  -6.515651230  62.35493088   
  -6.514235020  62.35506821   
  -6.513205050  62.35557938   
  -6.512503150  62.35609818   
  -6.511870380  62.35659790   
  -6.512194630  62.35809326   
  -6.512829780  62.35838318   
  -6.512169840  62.35869598   
  -6.512341020  62.36003876   
  -6.512902260  62.36135864   
  -6.513795380  62.36271286   
  -6.514986040  62.36465454   
  -6.515052800  62.36567307   
  -6.514643670  62.36645508   
  -6.516175270  62.36650085   
  -6.516893860  62.36791229   
  -6.517361640  62.36826324   
  -6.516600610  62.36944580   
  -6.516421790  62.36954880   
  -6.518631460  62.37152100   
  -6.518110280  62.37282181   
  -6.519361020  62.37324905   
  -6.520023820  62.37505722   
  -6.521176820  62.37627029   
  -6.524221420  62.37786102   
  -6.525094990  62.37855148   
  -6.525567530  62.38018417   
  -6.524981500  62.38032532   
  -6.524691100  62.38060760   
  -6.525608060  62.38074875   
  -6.529099940  62.38351440   
  -6.529746060  62.38401031   
  -6.529999730  62.38358688   
  -6.534043790  62.38357544   
  -6.535966870  62.38459015   
  -6.538404940  62.38604355   
  -6.539443970  62.38637543   
  -6.540190220  62.38666534   
  -6.540422920  62.38607025   
  -6.540500160  62.38668060   
  -6.541814800  62.38745117   
  -6.543624400  62.38841629   
  -6.546599390  62.38979721   
  -6.546324250  62.39032364   
  -6.546377660  62.39044952   
  -6.547173020  62.39094925   
  -6.548065190  62.39075851   
  -6.548953530  62.39098740   
  -6.550733570  62.39044571   
  -6.550835610  62.39104843   
  -6.551514150  62.39167023   
  -6.549664020  62.39219666   
  -6.549951080  62.39247131   
  -6.550252440  62.39250183   
  -6.553256030  62.39185333   
  -6.555184360  62.39205933   
  -6.556537150  62.39271927   
  -6.556045530  62.39322281   
  -6.557853700  62.39433289   
  -6.558639530  62.39458847   
  -6.559464930  62.39410019   
  -6.560026650  62.39286041   
  -6.561053280  62.39265442   
  -6.563954350  62.39286804   
  -6.567699430  62.39355469   
  -6.571349140  62.39401245   
  -6.571854590  62.39417267   
  -6.573812960  62.39388275   
  -6.576076980  62.39381409   
  -6.576005940  62.39321136   
  -6.574845310  62.39246368   
  -6.574910160  62.39204407   
  -6.578416350  62.39094543   
  -6.580629350  62.39119339   
  -6.582756520  62.39070892   
  -6.582644940  62.38998032   
  -6.583141330  62.38977051   
  -6.583719730  62.38936996   
  -6.584223270  62.38917160   
  -6.584974290  62.38923645   
  -6.585663320  62.38918686   
  -6.585576060  62.38885117   
  -6.584927080  62.38838196   
  -6.585508820  62.38666153   
  -6.585508820  62.38666153   
  -6.586313720  62.38600922   
  -6.588375570  62.38555908   
  -6.592260360  62.38522339   
  -6.592693330  62.38503265   
  -6.594026570  62.38488770   
  -6.594332220  62.38447952   
  -6.594275470  62.38325500   
  -6.594724180  62.38294220   
  -6.594603540  62.38275909   
  -6.592123030  62.38090897   
  -6.591798310  62.38061905   
  -6.590898990  62.38042450   
  -6.590560910  62.38048935   
  -6.589718820  62.37921524   
  -6.589008810  62.37900543   
  -6.589354040  62.37882614   
  -6.589130880  62.37854385   
  -6.586457250  62.37730026   
  -6.585412500  62.37643814   
  -6.585220810  62.37641907   
  -6.583229540  62.37662506   
  -6.583484650  62.37638855   
  -6.581673620  62.37596130   
  -6.581902980  62.37575912   
  -6.578099730  62.37468719   
  -6.578682420  62.37494659   
  -6.577014450  62.37447739   
  -6.577324870  62.37436676   
  -6.575759410  62.37411499   
  -6.574937340  62.37383270   
  -6.575148580  62.37379837   
  -6.575222020  62.37372971   
  -6.573133470  62.37315369   
  -6.572788240  62.37319183   
  -6.570537090  62.37242508   
  -6.567923550  62.37162781   
  -6.567811490  62.37143707   
  -6.567085740  62.37096405   
  -6.565934660  62.37071228   
  -6.562598230  62.36952972   
  -6.560210230  62.36885834   
  -6.557877060  62.36806488   
  -6.557008270  62.36752701   
  -6.553911690  62.36611938   
  -6.550410270  62.36509705   
  -6.550160410  62.36498260   
  -6.547128680  62.36356354   
  -6.545232300  62.36349487   
  -6.545598980  62.36312485   
  -6.545710560  62.36296463   
  -6.546030040  62.36272049   
  -6.545332430  62.36241150   
  -6.544991490  62.36227798   
  -6.544456480  62.36222458   
  -6.544276710  62.36213303   
  -6.544734480  62.36177826   
  -6.544431690  62.36164856   
  -6.542883870  62.36174011   
  -6.542766570  62.36163712   
  -6.543595310  62.36133957   
  -6.544021130  62.36135483   
  -6.544487950  62.36112976   
  -6.544511320  62.36087036   
  -6.544130800  62.36063004   
  -6.544270040  62.36050415   
  -6.544872280  62.36058807   
  -6.544634820  62.36004639   
  -6.544310570  62.35949326   
  -6.544858460  62.35922241   
  -6.545438770  62.35841751   
  -6.545167920  62.35813141   
  -6.545253750  62.35802460   
  -6.545157430  62.35781097   
  -6.545533180  62.35778046   
  -6.545822140  62.35765076   
  -6.545416830  62.35754395   
  -6.545204640  62.35659790   
  -6.545457360  62.35603714   
  -6.546660420  62.35559845   
  -6.547296050  62.35564804   
  -6.547560690  62.35539246   
  -6.549164300  62.35504150   
  -6.550219060  62.35435867   
  -6.550642010  62.35370255   
  -6.550886630  62.35351944   
  -6.550918100  62.35301590   
  -6.551511290  62.35264206   
  -6.552005290  62.35172272   
  -6.552696230  62.35052490   
  -6.553596500  62.34931946   
  -6.554666520  62.34804535   
  -6.554936890  62.34695435   
  -6.555681710  62.34465790   
  -6.555426600  62.34449005   
  -6.555670260  62.34432602   
  -6.555487160  62.34329987   
  -6.555242540  62.34198380   
  -6.555348870  62.34117508   
  -6.555026530  62.33924866   
  -6.553852560  62.33789062   
  -6.553216460  62.33649445   
  -6.552445890  62.33647156   
  -6.553027150  62.33637619   
  -6.552060600  62.33527374   
  -6.548788550  62.33340073   
  -6.545930390  62.33162689   
  -6.542671200  62.32891846   
  -6.540254120  62.32601166   
  -6.538683890  62.32339859   
  -6.537096500  62.32175064   
  -6.536751270  62.32075882   
  -6.537019730  62.32059097   
  -6.536617280  62.31993866   
  -6.535975460  62.31950378   
  -6.535110000  62.31866455   
  -6.534981250  62.31787872   
  -6.534523010  62.31755829   
  -6.533997540  62.31640625   
  -6.532213210  62.31378174   
  -6.532130240  62.31373215   
  -6.530704020  62.31211090   
  -6.530322070  62.31159210   
  -6.530279640  62.31098175   
  -6.529170510  62.31026840   
  -6.528670310  62.30912018   
  -6.527895450  62.30807114   
  -6.527927880  62.30782318   
  -6.527344230  62.30731583   
  -6.527150630  62.30664062   
  -6.526284690  62.30468369   
  -6.525677200  62.30327225   
  -6.525058750  62.30265045   
  -6.525331970  62.30193710   
  -6.524622440  62.30122375   
  -6.524403100  62.30091476   
  -6.523550510  62.30044174   
  -6.523653030  62.30022812   
  -6.524803640  62.30003357   
  -6.524887560  62.29997253   
  -6.524872300  62.29994583   
  -6.524578570  62.29955292   
  -6.524551390  62.29953384   
  -6.524512290  62.29951477   
  -6.524473670  62.29951477   
  -6.524436950  62.29951477   
  -6.524403570  62.29952240   
  -6.524375920  62.29953003   
  -6.524351120  62.29954910   
  -6.524343490  62.29957581   
  -6.524589540  62.29991150   
  -6.523031710  62.30018234   
  -6.523031710  62.30018234   
  -6.522716050  62.29986954   
  -6.522624970  62.29966354   
  -6.522987840  62.29958725   
  -6.522995000  62.29959869   
  -6.523201940  62.29956436   
  -6.523123740  62.29946518   
  -6.522918220  62.29949570   
  -6.522921560  62.29950714   
  -6.522624970  62.29954529   
  -6.522433280  62.29950714   
  -6.522246360  62.29931259   
  -6.522248270  62.29931259   
  -6.525869370  62.29863358   
  -6.525872230  62.29862595   
  -6.526844020  62.29898453   
  -6.528178220  62.30056763   
  -6.528141980  62.30117035   
  -6.528471950  62.30142975   
  -6.529187200  62.30263519   
  -6.530090330  62.30305481   
  -6.534115790  62.30375671   
  -6.534888740  62.30324936   
  -6.535063270  62.30333328   
  -6.534259800  62.30381012   
  -6.535541530  62.30446243   
  -6.538821700  62.30710983   
  -6.541376110  62.30937958   
  -6.541818140  62.30997086   
  -6.544085030  62.31116104   
  -6.545224190  62.31167603   
  -6.546875480  62.31099701   
  -6.546917440  62.31112289   
  -6.545317170  62.31169510   
  -6.547372820  62.31294250   
  -6.548572540  62.31395340   
  -6.550499920  62.31559372   
  -6.552518370  62.31711960   
  -6.554482460  62.31858444   
  -6.556043620  62.31827927   
  -6.556246760  62.31841660   
  -6.554879190  62.31873322   
  -6.555916790  62.31998444   
  -6.557424070  62.32224655   
  -6.558867450  62.32337570   
  -6.560884480  62.32495499   
  -6.565488340  62.32809067   
  -6.567236900  62.32934189   
  -6.570349220  62.33188248   
  -6.570349220  62.33188248   
  -6.572103980  62.33345032   
  -6.574062820  62.33538055   
  -6.575053220  62.33653641   
  -6.576015950  62.33800888   
  -6.576368810  62.33871460   
  -6.577390670  62.33993530   
  -6.577889440  62.34127426   
  -6.578302380  62.34228897   
  -6.578269000  62.34330368   
  -6.578548430  62.34395218   
  -6.579208850  62.34520340   
  -6.578647140  62.34560776   
  -6.578763960  62.34571838   
  -6.579113480  62.34574127   
  -6.579893110  62.34719086   
  -6.580099580  62.34726715   
  -6.580263140  62.34725189   
  -6.580119130  62.34745789   
  -6.580385680  62.34853745   
  -6.580461980  62.34907913   
  -6.580378530  62.34941864   
  -6.580249790  62.34972000   
  -6.580327990  62.34985733   
  -6.580601690  62.34993362   
  -6.580416200  62.35017395   
  -6.579990390  62.35126114   
  -6.579526900  62.35284424   
  -6.579202180  62.35377884   
  -6.579358100  62.35390854   
  -6.579457280  62.35480881   
  -6.579360960  62.35499573   
  -6.580251220  62.35520172   
  -6.580223080  62.35537720   
  -6.580329900  62.35565948   
  -6.581010820  62.35586929   
  -6.581773760  62.35686111   
  -6.582467080  62.35710526   
  -6.582705500  62.35714722   
  -6.582993510  62.35702515   
  -6.582960610  62.35729599   
  -6.583990570  62.35789490   
  -6.584733010  62.35820389   
  -6.586408620  62.35856628   
  -6.587803840  62.35842896   
  -6.588240150  62.35853577   
  -6.588658810  62.35868835   
  -6.589087490  62.35869217   
  -6.589393140  62.35890579   
  -6.590831280  62.35904694   
  -6.590903280  62.35913849   
  -6.591311450  62.35923386   
  -6.591766360  62.35915375   
  -6.594295020  62.35958481   
  -6.595725060  62.35985184   
  -6.596105580  62.35985565   
  -6.599344250  62.36011124   
  -6.602649690  62.36004257   
  -6.605452060  62.35956192   
  -6.605675220  62.35932922   
  -6.607727050  62.35863876   
  -6.608131410  62.35812378   
  -6.609539030  62.35691071   
  -6.611483100  62.35489655   
  -6.612263200  62.35409927   
  -6.612445350  62.35316849   
  -6.612787250  62.35317612   
  -6.612877850  62.35193634   
  -6.612931250  62.35184860   
  -6.613178250  62.35175323   
  -6.613626480  62.35078430   
  -6.613830570  62.34909058   
  -6.614051340  62.34881592   
  -6.614180560  62.34757614   
  -6.614152910  62.34714508   
  -6.614385130  62.34692383   
  -6.614726070  62.34603500   
  -6.615058420  62.34532928   
  -6.615613940  62.34488297   
  -6.616152290  62.34459305   
  -6.615740780  62.34384155   
  -6.616228100  62.34337234   
  -6.616565230  62.34282303   
  -6.616645340  62.34266281   
  -6.617127420  62.34265137   
  -6.617263790  62.34246826   
  -6.617253300  62.34213257   
  -6.617573260  62.34209442   
  -6.617867470  62.34123611   
  -6.617991450  62.33945084   
  -6.617688660  62.33920670   
  -6.617948060  62.33890533   
  -6.618278030  62.33822632   
  -6.618297580  62.33807373   
  -6.618186470  62.33789444   
  -6.618338580  62.33758163   
  -6.618206020  62.33738327   
  -6.618340490  62.33726883   
  -6.618274210  62.33710480   
  -6.618349080  62.33686447   
  -6.618402480  62.33660507   
  -6.618520740  62.33647919   
  -6.618438720  62.33641434   
  -6.618344780  62.33611679   
  -6.617852210  62.33584976   
  -6.617921350  62.33577728   
  -6.618167880  62.33579254   
  -6.618339060  62.33575058   
  -6.618474960  62.33554459   
  -6.618370530  62.33539963   
  -6.618505000  62.33523941   
  -6.618466380  62.33494186   
  -6.618200780  62.33481216   
  -6.617954730  62.33477402   
  -6.617959020  62.33462143   
  -6.618160720  62.33424759   
  -6.617995260  62.33409119   
  -6.618031500  62.33380508   
  -6.617868420  62.33359528   
  -6.617966650  62.33338165   
  -6.617863660  62.33314514   
  -6.617777820  62.33291245   
  -6.617842670  62.33240891   
  -6.617552760  62.33170319   
  -6.617501740  62.33156967   
  -6.617764000  62.33125687   
  -6.617633820  62.33119202   
  -6.617793080  62.33106232   
  -6.617742540  62.33091736   
  -6.617391110  62.33072281   
  -6.615429880  62.33030319   
  -6.615617750  62.33019638   
  -6.617172720  62.33052826   
  -6.617320060  62.33049774   
  -6.617539410  62.33065414   
  -6.617892740  62.33073044   
  -6.618001940  62.33066940   
  -6.617877480  62.33045959   
  -6.617517950  62.33029175   
  -6.617398740  62.33016586   
  -6.617516990  62.33005905   
  -6.617268560  62.32978439   
  -6.617416860  62.32940292   
  -6.617167000  62.32858276   
  -6.616869930  62.32847595   
  -6.616981030  62.32834625   
  -6.616919520  62.32804871   
  -6.616534230  62.32801437   
  -6.615916730  62.32747269   
  -6.616157050  62.32738876   
  -6.616145130  62.32724380   
  -6.615730760  62.32720947   
  -6.615479470  62.32707214   
  -6.615058900  62.32696533   
  -6.613490100  62.32593155   
  -6.612245080  62.32514572   
  -6.611360550  62.32449341   
  -6.611062050  62.32443619   
  -6.611017700  62.32429123   
  -6.610601900  62.32395935   
  -6.609652520  62.32378387   
  -6.609540460  62.32359314   
  -6.608539100  62.32297134   
  -6.607343200  62.32216263   
  -6.606972690  62.32184219   
  -6.607007500  62.32169724   
  -6.606797700  62.32146835   
  -6.606535430  62.32146454   
  -6.606192590  62.32133484   
  -6.606044770  62.32110596   
  -6.604274270  62.31984711   
  -6.603331570  62.31905746   
  -6.603266720  62.31890488   
  -6.602974890  62.31880951   
  -6.602299210  62.31844711   
  -6.601088520  62.31724167   
  -6.599903580  62.31597900   
  -6.598840240  62.31483841   
  -6.597489360  62.31343460   
  -6.596152780  62.31204605   
  -6.596355440  62.31195068   
  -6.595373630  62.31095505   
  -6.594625950  62.31004333   
  -6.594079020  62.30947495   
  -6.593670370  62.30821228   
  -6.593052390  62.30681992   
  -6.592280860  62.30539703   
  -6.591685770  62.30395889   
  -6.591256140  62.30240631   
  -6.591038700  62.30095673   
  -6.591114520  62.30039215   
  -6.591250900  62.30051804   
  -6.591257570  62.30026627   
  -6.591257570  62.30026627   
  -6.591220380  62.29897308   
  -6.591525080  62.29882812   
  -6.591497900  62.29870987   
  -6.591343400  62.29866028   
  -6.590951920  62.29743195   
  -6.591476440  62.29680634   
  -6.591838360  62.29527664   
  -6.592303750  62.29364777   
  -6.593071460  62.29191208   
  -6.593630310  62.29051971   
  -6.593329910  62.28872681   
  -6.593331340  62.28773880   
  -6.593871120  62.28682327   
  -6.593695640  62.28554535   
  -6.593241210  62.28469467   
  -6.592981340  62.28459167   
  -6.592477800  62.28387070   
  -6.592558380  62.28339767   
  -6.592092510  62.28294754   
  -6.591939930  62.28141022   
  -6.592779160  62.27988052   
  -6.592931270  62.27938080   
  -6.594126220  62.27865601   
  -6.594537260  62.27792740   
  -6.594897750  62.27706146   
  -6.595216750  62.27632141   
  -6.595729830  62.27576447   
  -6.595791820  62.27512741   
  -6.595489500  62.27375031   
  -6.594818120  62.27259827   
  -6.594242570  62.27169800   
  -6.593587880  62.27077103   
  -6.593405250  62.27028275   
  -6.593405250  62.27028275   
  -6.599267960  62.26917267   
  -6.599266050  62.26917267   
  -6.599622730  62.26965332   
  -6.600979800  62.27059174   
  -6.601130010  62.27064133   
  -6.601091860  62.27078247   
  -6.601335050  62.27082443   
  -6.601243020  62.27093887   
  -6.602723600  62.27163696   
  -6.603405000  62.27191925   
  -6.603942870  62.27206421   
  -6.603421690  62.27224350   
  -6.603497980  62.27229691   
  -6.604039670  62.27210236   
  -6.604367260  62.27246475   
  -6.604554650  62.27265930   
  -6.604892730  62.27296066   
  -6.604888440  62.27376938   
  -6.605390550  62.27487183   
  -6.605242250  62.27555084   
  -6.605319500  62.27649689   
  -6.605467800  62.27671432   
  -6.605535510  62.27831268   
  -6.605798240  62.27949524   
  -6.606230260  62.28002167   
  -6.607182500  62.28160095   
  -6.607934000  62.28297043   
  -6.608524320  62.28398895   
  -6.609411240  62.28510666   
  -6.609890460  62.28535843   
  -6.609893320  62.28551865   
  -6.611069200  62.28678894   
  -6.611765380  62.28787994   
  -6.612239360  62.28922272   
  -6.612258910  62.29060745   
  -6.611944680  62.29240799   
  -6.612111090  62.29254532   
  -6.611800670  62.29266357   
  -6.612005710  62.29370117   
  -6.612215040  62.29515076   
  -6.612329480  62.29584503   
  -6.612555980  62.29602814   
  -6.612554070  62.29636765   
  -6.613093850  62.29727554   
  -6.613615040  62.29800415   
  -6.614930150  62.29961777   
  -6.615764140  62.30136490   
  -6.616652970  62.30246735   
  -6.617423530  62.30335999   
  -6.617366310  62.30352020   
  -6.618554120  62.30462646   
  -6.620124340  62.30590057   
  -6.621960640  62.30702972   
  -6.623423100  62.30796051   
  -6.624073980  62.30839539   
  -6.624497410  62.30841064   
  -6.624495510  62.30848312   
  -6.624242310  62.30848694   
  -6.624254230  62.30857849   
  -6.624428750  62.30871582   
  -6.624993800  62.30894089   
  -6.625390530  62.30936813   
  -6.626393320  62.30991745   
  -6.626527790  62.31014252   
  -6.626387120  62.31018448   
  -6.627531530  62.31126404   
  -6.627912520  62.31142426   
  -6.628568650  62.31196594   
  -6.628717900  62.31217194   
  -6.630429270  62.31333542   
  -6.632824900  62.31430817   
  -6.634986400  62.31510162   
  -6.636989120  62.31604004   
  -6.637427330  62.31606674   
  -6.637998100  62.31629181   
  -6.638135430  62.31668091   
  -6.638921740  62.31665039   
  -6.640289780  62.31741714   
  -6.640277860  62.31764221   
  -6.641010280  62.31758118   
  -6.641699310  62.31805038   
  -6.641742230  62.31824112   
  -6.642274860  62.31819534   
  -6.643788340  62.31868744   
  -6.644646170  62.32079697   
  -6.645232680  62.32297134   
  -6.645891670  62.32345581   
  -6.646631240  62.32473755   
  -6.647164340  62.32500458   
  -6.648685460  62.32518387   
  -6.648972990  62.32543182   
  -6.649579520  62.32550430   
  -6.650389670  62.32583237   
  -6.651862140  62.32703400   
  -6.651377680  62.32865906   
  -6.651450160  62.32886887   
  -6.652266980  62.32953644   
  -6.652368550  62.33043671   
  -6.653106690  62.33082581   
  -6.653628350  62.33092499   
  -6.658659930  62.33452988   
  -6.659090520  62.33458328   
  -6.658208370  62.33539581   
  -6.658041480  62.33594894   
  -6.658338550  62.33605194   
  -6.658839230  62.33609772   
  -6.659405230  62.33629608   
  -6.659389970  62.33661652   
  -6.659664150  62.33676529   
  -6.659549240  62.33702469   
  -6.659806730  62.33721542   
  -6.660043240  62.33732986   
  -6.660333160  62.33774567   
  -6.660662170  62.33794022   
  -6.661068440  62.33805466   
  -6.661377430  62.33800507   
  -6.661627290  62.33811951   
  -6.661703590  62.33821106   
  -6.662141800  62.33855820   
  -6.662816050  62.33912659   
  -6.663881780  62.33975601   
  -6.663953780  62.34000015   
  -6.664518830  62.34055710   
  -6.664518830  62.34055710   
  -6.664444920  62.34153366   
  -6.664136890  62.34226608   
  -6.663730620  62.34269714   
  -6.663557530  62.34298325   
  -6.663717270  62.34316635   
  -6.664952750  62.34347153   
  -6.664934640  62.34350967   
  -6.663611410  62.34326172   
  -6.663410660  62.34335709   
  -6.663139340  62.34386444   
  -6.662980080  62.34407806   
  -6.662465100  62.34433746   
  -6.662091730  62.34501648   
  -6.661469940  62.34590149   
  -6.661274430  62.34642792   
  -6.661416050  62.34654617   
  -6.661892890  62.34650040   
  -6.661549570  62.34679413   
  -6.661345960  62.34707642   
  -6.661393640  62.34742737   
  -6.662046910  62.34837341   
  -6.662168030  62.34894943   
  -6.662564750  62.34986115   
  -6.662808420  62.34995651   
  -6.663020610  62.34991455   
  -6.663096900  62.35005188   
  -6.663374420  62.35023499   
  -6.663577560  62.35100174   
  -6.663728240  62.35097885   
  -6.663867000  62.35123062   
  -6.663566590  62.35235977   
  -6.663654330  62.35299683   
  -6.663334370  62.35350418   
  -6.663129810  62.35407639   
  -6.663078310  62.35481262   
  -6.662904740  62.35513306   
  -6.662556170  62.35548401   
  -6.662629600  62.35568237   
  -6.663490770  62.35584259   
  -6.665620330  62.35631561   
  -6.666422840  62.35705948   
  -6.666233060  62.35738754   
  -6.665719990  62.35777283   
  -6.665706630  62.35784531   
  -6.666750430  62.35797119   
  -6.667779920  62.35847473   
  -6.669298650  62.35950470   
  -6.668706890  62.35975647   
  -6.668326380  62.36000061   
  -6.668194770  62.36027527   
  -6.668401720  62.36057663   
  -6.668862340  62.36094284   
  -6.668779370  62.36116409   
  -6.668319230  62.36143494   
  -6.668341640  62.36147308   
  -6.668550970  62.36146545   
  -6.670107360  62.36096191   
  -6.670284750  62.36099243   
  -6.671877380  62.36156845   
  -6.673296450  62.36194229   
  -6.674297330  62.36237335   
  -6.675142290  62.36284256   
  -6.676158430  62.36342621   
  -6.676417350  62.36340332   
  -6.676663880  62.36331940   
  -6.677210810  62.36379242   
  -6.677467350  62.36392593   
  -6.678698060  62.36406326   
  -6.679146290  62.36426544   
  -6.679166320  62.36483383   
  -6.679781910  62.36496735   
  -6.680283070  62.36478806   
  -6.681325910  62.36465454   
  -6.682146550  62.36486435   
  -6.682679650  62.36532211   
  -6.682715420  62.36579132   
  -6.682176590  62.36632919   
  -6.682288170  62.36643982   
  -6.683940410  62.36679840   
  -6.684072490  62.36679077   
  -6.684456350  62.36662674   
  -6.684860710  62.36662674   
  -6.685438160  62.36676025   
  -6.686705590  62.36744690   
  -6.687060830  62.36750412   
  -6.687908650  62.36736679   
  -6.688980100  62.36728668   
  -6.690296650  62.36729050   
  -6.691375730  62.36746216   
  -6.692004200  62.36775970   
  -6.692601200  62.36796570   
  -6.693006520  62.36795425   
  -6.693680290  62.36774063   
  -6.693786620  62.36750793   
  -6.693563940  62.36706543   
  -6.693664070  62.36697006   
  -6.694834710  62.36678314   
  -6.696165560  62.36651611   
  -6.697222710  62.36602020   
  -6.697593210  62.36595535   
  -6.697593210  62.36595535   
  -6.698062420  62.36603546   
  -6.698657990  62.36638641   
  -6.699465750  62.36682129   
  -6.700119970  62.36706543   
  -6.700646880  62.36713028   
  -6.700917720  62.36702728   
  -6.700818540  62.36685181   
  -6.700001240  62.36631775   
  -6.699782370  62.36607361   
  -6.699840550  62.36558914   
  -6.700304510  62.36486053   
  -6.701082230  62.36393738   
  -6.701733110  62.36384964   
  -6.702151780  62.36373138   
  -6.702282430  62.36351776   
  -6.702375410  62.36310577   
  -6.702510830  62.36280441   
  -6.702752110  62.36268234   
  -6.703875060  62.36263657   
  -6.704128270  62.36256027   
  -6.704116820  62.36238098   
  -6.703775880  62.36206055   
  -6.703889370  62.36105728   
  -6.704038140  62.36022568   
  -6.704543590  62.35892105   
  -6.705117700  62.35722733   
  -6.705718040  62.35584259   
  -6.705524440  62.35544586   
  -6.705843450  62.35475922   
  -6.705661770  62.35403061   
  -6.705323700  62.35367203   
  -6.705399990  62.35355759   
  -6.706036570  62.35331726   
  -6.706875800  62.35349274   
  -6.707603930  62.35380173   
  -6.707801340  62.35376740   
  -6.707704540  62.35354233   
  -6.706792350  62.35316849   
  -6.706761840  62.35303116   
  -6.706594470  62.35297394   
  -6.705583570  62.35295105   
  -6.705296040  62.35282135   
  -6.705317020  62.35259628   
  -6.706051830  62.35200500   
  -6.706508640  62.35177231   
  -6.706569670  62.35165405   
  -6.706035610  62.35108185   
  -6.705747130  62.35080719   
  -6.705702300  62.35050964   
  -6.705960270  62.35036850   
  -6.706326480  62.35023117   
  -6.706551550  62.34996796   
  -6.706319330  62.34966660   
  -6.705996040  62.34962463   
  -6.705881120  62.34971237   
  -6.705799580  62.34963989   
  -6.705454350  62.34902191   
  -6.705026630  62.34862900   
  -6.704916480  62.34862900   
  -6.704755780  62.34873199   
  -6.704913140  62.34842300   
  -6.704348560  62.34825134   
  -6.704351900  62.34817886   
  -6.704536910  62.34808350   
  -6.705123420  62.34777069   
  -6.705287460  62.34761810   
  -6.705296520  62.34745026   
  -6.705105300  62.34714127   
  -6.705183980  62.34712601   
  -6.705352310  62.34729767   
  -6.705519200  62.34736252   
  -6.705722810  62.34735870   
  -6.706021310  62.34703827   
  -6.705855370  62.34681320   
  -6.705543520  62.34628677   
  -6.705269340  62.34537506   
  -6.705360410  62.34514236   
  -6.705122950  62.34496689   
  -6.705204960  62.34487915   
  -6.705199240  62.34472656   
  -6.705049040  62.34461594   
  -6.704375740  62.34455109   
  -6.704318520  62.34447098   
  -6.704551700  62.34381866   
  -6.705480580  62.34296036   
  -6.706075190  62.34198380   
  -6.706327440  62.34176254   
  -6.707074640  62.34148788   
  -6.707287790  62.34130478   
  -6.707216740  62.34094238   
  -6.706896310  62.34081268   
  -6.707468510  62.34035492   
  -6.707659240  62.34013367   
  -6.707772250  62.33940887   
  -6.708248620  62.33909225   
  -6.708072190  62.33879471   
  -6.708059790  62.33872986   
  -6.708806990  62.33860779   
  -6.708920480  62.33851242   
  -6.708899020  62.33834076   
  -6.708389760  62.33818054   
  -6.708162310  62.33763504   
  -6.708372590  62.33683014   
  -6.708747860  62.33621979   
  -6.708563330  62.33513641   
  -6.709208970  62.33450317   
  -6.708710670  62.33297729   
  -6.708050730  62.33211136   
  -6.708153250  62.33205795   
  -6.709001060  62.33276367   
  -6.709198470  62.33288574   
  -6.709399220  62.33286285   
  -6.709101200  62.33241653   
  -6.708589080  62.33178711   
  -6.707269670  62.33052826   
  -6.706325530  62.32961273   
  -6.706634040  62.32924271   
  -6.706593040  62.32907104   
  -6.706113340  62.32877350   
  -6.706091400  62.32838058   
  -6.705917840  62.32819748   
  -6.704430580  62.32747269   
  -6.704234600  62.32730865   
  -6.703989510  62.32690048   
  -6.703185560  62.32632828   
  -6.701784610  62.32515717   
  -6.700974940  62.32412720   
  -6.700557230  62.32320404   
  -6.700469020  62.32228851   
  -6.700706480  62.32236481   
  -6.700807570  62.32235718   
  -6.700770380  62.32225800   
  -6.700452330  62.32162476   
  -6.700735570  62.32099915   
  -6.700675490  62.32062149   
  -6.700209140  62.32040787   
  -6.700591090  62.32025909   
  -6.700541020  62.32007980   
  -6.699730870  62.32048035   
  -6.700211050  62.32008362   
  -6.700399400  62.31986237   
  -6.700316430  62.31976318   
  -6.699622630  62.31985092   
  -6.700120450  62.31959534   
  -6.700121880  62.31948090   
  -6.699856760  62.31857681   
  -6.699523930  62.31765747   
  -6.699386120  62.31759262   
  -6.698925500  62.31758499   
  -6.698834900  62.31745529   
  -6.699051380  62.31745148   
  -6.699054720  62.31725311   
  -6.698649880  62.31714630   
  -6.698628900  62.31706619   
  -6.699105260  62.31710052   
  -6.699206830  62.31703186   
  -6.698863030  62.31655884   
  -6.698536400  62.31565475   
  -6.698592660  62.31519699   
  -6.698383810  62.31517792   
  -6.697853570  62.31554413   
  -6.697692390  62.31515503   
  -6.697597500  62.31455231   
  -6.697391990  62.31444168   
  -6.696826930  62.31312180   
  -6.697037700  62.31307220   
  -6.696516990  62.31193161   
  -6.696167470  62.31062317   
  -6.695303920  62.30926895   
  -6.694797040  62.30891037   
  -6.694529530  62.30839539   
  -6.693913940  62.30809784   
  -6.692856790  62.30675888   
  -6.693124770  62.30683517   
  -6.693209650  62.30681229   
  -6.693136690  62.30662918   
  -6.692960740  62.30658340   
  -6.693002700  62.30643845   
  -6.692861080  62.30624771   
  -6.692736150  62.30628967   
  -6.692555900  62.30615234   
  -6.691898350  62.30594635   
  -6.692503450  62.30607986   
  -6.692825320  62.30608749   
  -6.692825790  62.30575562   
  -6.692284580  62.30551147   
  -6.691393380  62.30473328   
  -6.691476350  62.30445480   
  -6.690226080  62.30362701   
  -6.689770700  62.30294800   
  -6.689255710  62.30289459   
  -6.688687800  62.30247879   
  -6.687685010  62.30184174   
  -6.684221740  62.29979324   
  -6.682312490  62.29880905   
  -6.682404040  62.29881668   
  -6.681738850  62.29891586   
  -6.681648250  62.29884338   
  -6.681974890  62.29872894   
  -6.681721210  62.29841995   
  -6.681427000  62.29840851   
  -6.681200980  62.29790878   
  -6.680612560  62.29771042   
  -6.678532120  62.29647446   
  -6.677326680  62.29599380   
  -6.677207950  62.29578781   
  -6.676866050  62.29556656   
  -6.676366810  62.29551315   
  -6.675494670  62.29499435   
  -6.675353050  62.29475021   
  -6.674215320  62.29400253   
  -6.673281670  62.29350281   
  -6.672729490  62.29335785   
  -6.671859260  62.29274368   
  -6.671978950  62.29256439   
  -6.672496320  62.29245758   
  -6.672492030  62.29236603   
  -6.672050480  62.29243851   
  -6.671972270  62.29247284   
  -6.671811580  62.29250717   
  -6.671553130  62.29233170   
  -6.671842580  62.29208755   
  -6.671503070  62.29183960   
  -6.671663760  62.29185104   
  -6.671670440  62.29158783   
  -6.671410080  62.29153824   
  -6.671479700  62.29086685   
  -6.671271320  62.29021835   
  -6.670322900  62.28889084   
  -6.670118810  62.28881454   
  -6.670322420  62.28862000   
  -6.670182230  62.28839493   
  -6.669048310  62.28811646   
  -6.668996810  62.28805923   
  -6.669671060  62.28816986   
  -6.669887070  62.28814697   
  -6.669906620  62.28796768   
  -6.669347290  62.28749084   
  -6.668259140  62.28598404   
  -6.667464260  62.28546524   
  -6.667131900  62.28385162   
  -6.666499140  62.28256607   
  -6.665648460  62.28112411   
  -6.665250780  62.28036499   
  -6.664976120  62.28022385   
  -6.664565560  62.27935410   
  -6.664059160  62.27899551   
  -6.663798330  62.27857971   
  -6.662414070  62.27699280   
  -6.661689760  62.27537537   
  -6.661823270  62.27524185   
  -6.661455630  62.27449036   
  -6.661034110  62.27408600   
  -6.660851000  62.27405548   
  -6.660618780  62.27374649   
  -6.660807610  62.27362442   
  -6.660698410  62.27334595   
  -6.660328390  62.27307129   
  -6.660313130  62.27272034   
  -6.659839630  62.27221680   
  -6.659618850  62.27145767   
  -6.659464840  62.27080917   
  -6.659735200  62.26998901   
  -6.660208230  62.26937485   
  -6.660056590  62.26834869   
  -6.659168240  62.26725769   
  -6.658312800  62.26665878   
  -6.656917100  62.26562881   
  -6.654748920  62.26444244   
  -6.652672290  62.26315308   
  -6.652450080  62.26315689   
  -6.651608470  62.26377106   
  -6.652351380  62.26306534   
  -6.652093410  62.26279068   
  -6.649577140  62.26165390   
  -6.647301200  62.26054764   
  -6.645178790  62.25938034   
  -6.644082550  62.25838852   
  -6.641757970  62.25673294   
  -6.639079090  62.25532532   
  -6.635700700  62.25381851   
  -6.631026270  62.25253677   
  -6.629043580  62.25217819   
  -6.625119210  62.25162888   
  -6.622360230  62.25139236   
  -6.619956020  62.25101089   
  -6.617849830  62.25073242   
  -6.616625790  62.25037766   
  -6.616073130  62.25037766   
  -6.611466410  62.25005722   
  -6.608690260  62.25004196   
  -6.604750160  62.25042343   
  -6.601505760  62.25116730   
  -6.599369530  62.25220871   
  -6.598118310  62.25316620   
  -6.597370620  62.25413895   
  -6.596540930  62.25568008   
  -6.595661160  62.25756073   
  -6.595387940  62.25861359   
  -6.595822810  62.25901031   
  -6.595633030  62.25947952   
  -6.596030240  62.26029587   
  -6.596336840  62.26039124   
  -6.596677300  62.26081085   
  -6.596514700  62.26101303   
  -6.597072120  62.26197433   
  -6.597709660  62.26398087   
  -6.597716810  62.26548767   
  -6.597769260  62.26638031   
  -6.597530840  62.26651764   
  -6.597909450  62.26693726   
  -6.597881790  62.26728821   
  -6.597881790  62.26728821   
  -6.597526070  62.26774216   
  -6.598146440  62.26865768   
  -6.598088260  62.26866531   
  -6.598138810  62.26875687   
  -6.598255630  62.26874161   
  -6.598559860  62.26913071   
  -6.598559860  62.26913071   
  -6.593389990  62.27011108   
  -6.593389990  62.27011108   
  -6.592306140  62.26903152   
  -6.592306140  62.26903152   
  -6.591861250  62.26837921   
  -6.589456080  62.26722336   
  -6.587470530  62.26622009   
  -6.586246010  62.26528931   
  -6.586310860  62.26498795   
  -6.586098670  62.26482010   
  -6.586130140  62.26466751   
  -6.586016650  62.26459503   
  -6.585809230  62.26463699   
  -6.585749150  62.26441956   
  -6.585560800  62.26417542   
  -6.585077290  62.26410294   
  -6.584467410  62.26375198   
  -6.584400650  62.26345444   
  -6.584642890  62.26322556   
  -6.584338190  62.26298523   
  -6.584480760  62.26259995   
  -6.583676820  62.26161575   
  -6.583744050  62.26114273   
  -6.583439350  62.26097488   
  -6.582591530  62.25917435   
  -6.581902980  62.25764465   
  -6.581462380  62.25653076   
  -6.581147190  62.25592422   
  -6.580520150  62.25516891   
  -6.580325600  62.25473404   
  -6.580550670  62.25437927   
  -6.580834870  62.25436401   
  -6.580851550  62.25430298   
  -6.580667500  62.25429153   
  -6.580725190  62.25397873   
  -6.580602170  62.25335693   
  -6.580742840  62.25244141   
  -6.582816600  62.25011444   
  -6.583691120  62.25004196   
  -6.583736900  62.24942398   
  -6.584338670  62.24907303   
  -6.584605220  62.24916077   
  -6.584745880  62.24908829   
  -6.584592820  62.24900818   
  -6.584893230  62.24885941   
  -6.584857460  62.24860764   
  -6.585377690  62.24812317   
  -6.587244030  62.24644089   
  -6.588574410  62.24542999   
  -6.589734550  62.24462509   
  -6.591528890  62.24252701   
  -6.592801090  62.24178314   
  -6.592801090  62.24178314   
  -6.593534950  62.24055099   
  -6.594013690  62.23891449   
  -6.593606950  62.23756790   
  -6.593558790  62.23703766   
  -6.593895440  62.23697281   
  -6.593903540  62.23689270   
  -6.594089980  62.23685074   
  -6.593979360  62.23642731   
  -6.594231130  62.23640442   
  -6.593874930  62.23548889   
  -6.593589780  62.23553848   
  -6.593498230  62.23541260   
  -6.592958930  62.23512268   
  -6.592574600  62.23436356   
  -6.592874530  62.23429489   
  -6.592898850  62.23418808   
  -6.592562200  62.23421097   
  -6.592228890  62.23379898   
  -6.592005250  62.23327637   
  -6.591540810  62.23287201   
  -6.591772560  62.23278809   
  -6.591757300  62.23271561   
  -6.592402460  62.23263550   
  -6.592379570  62.23253632   
  -6.592050080  62.23259354   
  -6.591358660  62.23194504   
  -6.591827390  62.23186111   
  -6.591820720  62.23180008   
  -6.591398720  62.23185349   
  -6.591154580  62.23170853   
  -6.591569420  62.23159790   
  -6.591555600  62.23152542   
  -6.591248990  62.23158264   
  -6.590938090  62.23128128   
  -6.591544150  62.23114014   
  -6.591475490  62.23108292   
  -6.590807910  62.23119736   
  -6.590488430  62.23093033   
  -6.591149330  62.23075485   
  -6.591003890  62.23069763   
  -6.590299130  62.23084641   
  -6.590114590  62.23077393   
  -6.589890960  62.23082352   
  -6.589922430  62.23091125   
  -6.589577200  62.23086929   
  -6.588451390  62.23005295   
  -6.589251520  62.22984314   
  -6.589121340  62.22975922   
  -6.588714600  62.22988510   
  -6.588608260  62.22982025   
  -6.588077550  62.22991180   
  -6.586719990  62.22926712   
  -6.586889270  62.22917175   
  -6.586746220  62.22896194   
  -6.586340430  62.22901154   
  -6.585843560  62.22874832   
  -6.585814480  62.22860718   
  -6.585169320  62.22810745   
  -6.585354330  62.22795868   
  -6.585020540  62.22780228   
  -6.585243700  62.22756195   
  -6.585711960  62.22765350   
  -6.585749150  62.22761536   
  -6.585330490  62.22746658   
  -6.585349560  62.22710800   
  -6.585144040  62.22690582   
  -6.584677220  62.22679901   
  -6.586339470  62.22625351   
  -6.587190150  62.22627640   
  -6.588143830  62.22666931   
  -6.588243960  62.22657394   
  -6.589445110  62.22683716   
  -6.589802740  62.22703171   
  -6.590422150  62.22720337   
  -6.590373040  62.22748184   
  -6.590755460  62.22751617   
  -6.592203620  62.22837448   
  -6.593148710  62.22873306   
  -6.593968390  62.22898102   
  -6.594102860  62.22919846   
  -6.592480660  62.22965622   
  -6.592632770  62.22974777   
  -6.593909260  62.22938538   
  -6.594922540  62.22990417   
  -6.594531540  62.23007584   
  -6.595066070  62.23037338   
  -6.595905780  62.23046112   
  -6.596035480  62.23052597   
  -6.596122260  62.23064423   
  -6.594337940  62.23105240   
  -6.593625550  62.23154449   
  -6.593832020  62.23160934   
  -6.594647880  62.23102951   
  -6.596166610  62.23069000   
  -6.596374510  62.23093414   
  -6.595150950  62.23123550   
  -6.596286300  62.23228073   
  -6.596376420  62.23376465   
  -6.597759250  62.23375320   
  -6.597600940  62.23463058   
  -6.597884650  62.23551559   
  -6.599175930  62.23719025   
  -6.599980830  62.23791122   
  -6.603825570  62.23924637   
  -6.607624530  62.24036026   
  -6.611338140  62.24090195   
  -6.613681790  62.24113846   
  -6.616755490  62.24129868   
  -6.620741370  62.24151230   
  -6.622688770  62.24142838   
  -6.625572200  62.24070740   
  -6.626797200  62.24008942   
  -6.628512860  62.23876190   
  -6.629000190  62.23746109   
  -6.628967760  62.23611069   
  -6.628384590  62.23463821   
  -6.627608780  62.23299789   
  -6.627000810  62.23167038   
  -6.626034740  62.23009872   
  -6.625395300  62.22893143   
  -6.624711990  62.22741699   
  -6.624681950  62.22669983   
  -6.624105450  62.22521591   
  -6.622990610  62.22412872   
  -6.623153210  62.22386932   
  -6.622779850  62.22208786   
  -6.622664450  62.22205734   
  -6.622158050  62.22206497   
  -6.622135640  62.22203064   
  -6.622489450  62.22200775   
  -6.622680660  62.22195053   
  -6.622543330  62.22122955   
  -6.621621610  62.21985626   
  -6.620599750  62.21849442   
  -6.619464870  62.21712494   
  -6.617958550  62.21604919   
  -6.616890430  62.21549225   
  -6.616616250  62.21543503   
  -6.616048810  62.21550369   
  -6.616111760  62.21531677   
  -6.616035460  62.21516418   
  -6.614634040  62.21449280   
  -6.612532140  62.21321869   
  -6.610046860  62.21192551   
  -6.608006480  62.21073151   
  -6.606158730  62.20933533   
  -6.603861810  62.20774078   
  -6.602349280  62.20663834   
  -6.601486680  62.20558167   
  -6.600524900  62.20473862   
  -6.599603650  62.20405960   
  -6.598435400  62.20296097   
  -6.598544120  62.20294571   
  -6.597848890  62.20201492   
  -6.597848890  62.20201492   
  -6.598143100  62.20189667   
  -6.598130230  62.20181274   
  -6.597929480  62.20177460   
  -6.597662930  62.20178986   
  -6.597630500  62.20171738   
  -6.597755910  62.20161057   
  -6.597644330  62.20149231   
  -6.597381110  62.20144272   
  -6.596981050  62.20098495   
  -6.597080710  62.20059967   
  -6.596804620  62.20039749   
  -6.596343990  62.20036316   
  -6.595388890  62.19945908   
  -6.594532970  62.19832993   
  -6.594093320  62.19783783   
  -6.593489650  62.19730759   
  -6.593621730  62.19697571   
  -6.592958930  62.19667816   
  -6.592341420  62.19617081   
  -6.591362000  62.19557953   
  -6.590694900  62.19536209   
  -6.589501380  62.19444275   
  -6.589422700  62.19419861   
  -6.588160040  62.19345093   
  -6.586755750  62.19218826   
  -6.585922720  62.19144440   
  -6.585647110  62.19142914   
  -6.583703990  62.19275284   
  -6.583601950  62.19270706   
  -6.585565090  62.19130325   
  -6.585068230  62.19049454   
  -6.584198000  62.18978882   
  -6.583268170  62.18935013   
  -6.581497190  62.18852234   
  -6.580331800  62.18792725   
  -6.579062460  62.18697739   
  -6.578904150  62.18662643   
  -6.578366760  62.18640137   
  -6.577732090  62.18623734   
  -6.576200960  62.18548203   
  -6.576166630  62.18540955   
  -6.574667450  62.18444824   
  -6.574476720  62.18438339   
  -6.573774340  62.18425369   
  -6.573821540  62.18416595   
  -6.571788790  62.18305969   
  -6.571445470  62.18295670   
  -6.570566180  62.18282318   
  -6.568106170  62.18165970   
  -6.566681390  62.18044662   
  -6.566291330  62.18009186   
  -6.565239430  62.17938232   
  -6.564804550  62.17929077   
  -6.564565180  62.17897415   
  -6.564231870  62.17879868   
  -6.563386440  62.17855835   
  -6.562384130  62.17764282   
  -6.561162470  62.17663193   
  -6.559533120  62.17501450   
  -6.558657170  62.17429733   
  -6.558465000  62.17398834   
  -6.557662960  62.17304993   
  -6.557449820  62.17266846   
  -6.557349680  62.17266846   
  -6.554708000  62.17364502   
  -6.554648880  62.17361832   
  -6.557291510  62.17253113   
  -6.557093140  62.17208862   
  -6.556414130  62.17152786   
  -6.555172440  62.17039490   
  -6.554362300  62.16960526   
  -6.554055210  62.16924286   
  -6.553731440  62.16894913   
  -6.553404330  62.16886139   
  -6.551640990  62.16847992   
  -6.548882010  62.16780472   
  -6.548216820  62.16773605   
  -6.546997550  62.16777802   
  -6.546150210  62.16759491   
  -6.545320990  62.16770554   
  -6.544872280  62.16757965   
  -6.545025830  62.16748428   
  -6.544981480  62.16743851   
  -6.544597630  62.16745758   
  -6.544405940  62.16749954   
  -6.543500900  62.16790390   
  -6.542948250  62.16794968   
  -6.542414190  62.16787720   
  -6.542191030  62.16792679   
  -6.542239190  62.16819000   
  -6.541630270  62.16799927   
  -6.541392330  62.16799545   
  -6.541114330  62.16808701   
  -6.540701870  62.16807938   
  -6.540462020  62.16814804   
  -6.539789200  62.16879272   
  -6.539337160  62.16917801   
  -6.538465020  62.16948700   
  -6.537920000  62.16950226   
  -6.537136080  62.16962433   
  -6.536684040  62.16967773   
  -6.536275390  62.16971588   
  -6.536114220  62.16981125   
  -6.536239620  62.16999435   
  -6.536524300  62.17067337   
  -6.536425110  62.17106628   
  -6.536077980  62.17152786   
  -6.535923000  62.17232513   
  -6.535809990  62.17295837   
  -6.535829070  62.17352676   
  -6.535722730  62.17386627   
  -6.535406110  62.17397690   
  -6.535009860  62.17391586   
  -6.534847740  62.17391968   
  -6.534768100  62.17409897   
  -6.535426140  62.17562103   
  -6.535476210  62.17618561   
  -6.535744190  62.17647934   
  -6.536038400  62.17711258   
  -6.536785600  62.17761230   
  -6.537466530  62.17885208   
  -6.538506980  62.17967224   
  -6.539905070  62.18060303   
  -6.541121960  62.18146896   
  -6.542808060  62.18217468   
  -6.542924400  62.18215561   
  -6.543040750  62.18202591   
  -6.543193340  62.18206406   
  -6.543043610  62.18231964   
  -6.544850350  62.18312454   
  -6.545182700  62.18341064   
  -6.546126370  62.18444824   
  -6.547994610  62.18603516   
  -6.548979280  62.18704987   
  -6.549355980  62.18778610   
  -6.550025940  62.18838882   
  -6.550289150  62.18900681   
  -6.550789360  62.18997574   
  -6.551381590  62.19101715   
  -6.551849370  62.19179153   
  -6.553223610  62.19169617   
  -6.553237440  62.19176865   
  -6.552054880  62.19186401   
  -6.552083490  62.19203568   
  -6.552398680  62.19232178   
  -6.552820210  62.19309998   
  -6.553483960  62.19401932   
  -6.553746700  62.19500351   
  -6.554152490  62.19547653   
  -6.554145810  62.19615173   
  -6.554424760  62.19676590   
  -6.554782390  62.19731140   
  -6.554777620  62.19749069   
  -6.554558280  62.19773102   
  -6.554655550  62.19824219   
  -6.554790970  62.19837189   
  -6.554826740  62.19855118   
  -6.555023670  62.19868088   
  -6.555213930  62.19908905   
  -6.555059430  62.19916534   
  -6.554322720  62.19914246   
  -6.554526330  62.19933701   
  -6.555348870  62.19963074   
  -6.555444240  62.19982910   
  -6.555079940  62.20002747   
  -6.554627900  62.20001221   
  -6.554248810  62.20013046   
  -6.554170610  62.20029068   
  -6.554575920  62.20103455   
  -6.554766180  62.20115280   
  -6.555626390  62.20143127   
  -6.556053640  62.20161819   
  -6.555872920  62.20173264   
  -6.555881020  62.20174789   
  -6.556210040  62.20180130   
  -6.556210040  62.20180130   
  -6.557604310  62.20291138   
  -6.558347230  62.20381165   
  -6.559752940  62.20538330   
  -6.561156750  62.20667267   
  -6.561940190  62.20711899   
  -6.562326430  62.20776367   
  -6.563076970  62.20880890   
  -6.563904290  62.20961380   
  -6.564374450  62.21006393   
  -6.564999580  62.21072769   
  -6.564873700  62.21080780   
  -6.565494060  62.21132278   
  -6.565877910  62.21181488   
  -6.567083360  62.21306610   
  -6.567931180  62.21416473   
  -6.568982120  62.21516418   
  -6.569648270  62.21594620   
  -6.570652480  62.21659470   
  -6.570806500  62.21711731   
  -6.569582460  62.21733856   
  -6.569589610  62.21784973   
  -6.570521830  62.21853256   
  -6.570643900  62.21854401   
  -6.570744990  62.21850967   
  -6.570749280  62.21845627   
  -6.570682530  62.21837234   
  -6.569867130  62.21781921   
  -6.569801810  62.21772003   
  -6.569898610  62.21742630   
  -6.571155550  62.21720505   
  -6.571944710  62.21810532   
  -6.571083070  62.21827316   
  -6.571003910  62.21832275   
  -6.571097370  62.21837997   
  -6.571520330  62.21831512   
  -6.572270870  62.21905518   
  -6.573163990  62.22014999   
  -6.573545460  62.22122574   
  -6.572875980  62.22230148   
  -6.572737220  62.22285461   
  -6.572163580  62.22292328   
  -6.572186470  62.22298050   
  -6.572656630  62.22292328   
  -6.572746280  62.22302628   
  -6.572825910  62.22325897   
  -6.572049140  62.22416306   
  -6.570372580  62.22464371   
  -6.570052620  62.22453308   
  -6.569741730  62.22465897   
  -6.569061760  62.22462082   
  -6.567832470  62.22464371   
  -6.567270280  62.22449875   
  -6.566723820  62.22449875   
  -6.565377710  62.22425079   
  -6.564421180  62.22391891   
  -6.564453120  62.22385788   
  -6.563639160  62.22380829   
  -6.561647890  62.22342300   
  -6.560260770  62.22301102   
  -6.560000420  62.22285461   
  -6.559339520  62.22253036   
  -6.558804990  62.22209930   
  -6.558053970  62.22193909   
  -6.557006360  62.22104263   
  -6.555471420  62.22010803   
  -6.553930280  62.21889496   
  -6.553430560  62.21865463   
  -6.553127770  62.21834946   
  -6.551940440  62.21783447   
  -6.551410680  62.21762848   
  -6.550535680  62.21698380   
  -6.550607200  62.21676254   
  -6.550224300  62.21643066   
  -6.549746990  62.21627045   
  -6.549118520  62.21592712   
  -6.549208640  62.21548080   
  -6.548948290  62.21535110   
  -6.548251150  62.21516800   
  -6.547937870  62.21500015   
  -6.547626970  62.21489334   
  -6.547087190  62.21462631   
  -6.546307090  62.21409225   
  -6.546282290  62.21372986   
  -6.546071050  62.21353912   
  -6.545681000  62.21308136   
  -6.545618060  62.21272278   
  -6.545124050  62.21247864   
  -6.544964310  62.21238708   
  -6.544185640  62.21178818   
  -6.543378350  62.21104813   
  -6.542926790  62.20972061   
  -6.542637830  62.20957947   
  -6.542802330  62.20935822   
  -6.541289330  62.20778656   
  -6.539850230  62.20642471   
  -6.539364340  62.20570374   
  -6.537898540  62.20452881   
  -6.536900520  62.20285034   
  -6.536514280  62.20244980   
  -6.535802360  62.20167160   
  -6.534656520  62.20034790   
  -6.534571650  62.19999695   
  -6.534107210  62.19977188   
  -6.533548360  62.19903564   
  -6.533584120  62.19878387   
  -6.533502100  62.19868469   
  -6.533157350  62.19864273   
  -6.532155040  62.19782639   
  -6.530977250  62.19694138   
  -6.530651090  62.19674683   
  -6.530135630  62.19651413   
  -6.528735640  62.19590759   
  -6.526432040  62.19499207   
  -6.524829860  62.19430161   
  -6.522796630  62.19326019   
  -6.522006990  62.19249725   
  -6.521357540  62.19200134   
  -6.520093440  62.19124222   
  -6.517978670  62.19010162   
  -6.516743180  62.18948746   
  -6.514897820  62.18899536   
  -6.513767240  62.18881226   
  -6.512769700  62.18850708   
  -6.511706830  62.18801117   
  -6.510242460  62.18696213   
  -6.508716110  62.18624496   
  -6.507073400  62.18532562   
  -6.505824090  62.18424988   
  -6.504501820  62.18296814   
  -6.503841400  62.18200684   
  -6.503312110  62.18136978   
  -6.502801900  62.18086624   
  -6.502488610  62.18079758   
  -6.501706120  62.18080139   
  -6.501668930  62.18073654   
  -6.502176280  62.18069077   
  -6.502263550  62.18061066   
  -6.501099110  62.18021393   
  -6.500868320  62.18021774   
  -6.500660420  62.18022537   
  -6.500497820  62.18000412   
  -6.499611380  62.17987442   
  -6.497793200  62.17992020   
  -6.495209220  62.17961502   
  -6.494974610  62.17950058   
  -6.494623180  62.17945099   
  -6.494061470  62.17953110   
  -6.491158960  62.17947006   
  -6.489104750  62.17945099   
  -6.486926560  62.17922974   
  -6.484999660  62.17897034   
  -6.484290120  62.17885971   
  -6.484075070  62.17888260   
  -6.483795170  62.17905807   
  -6.483633520  62.17903519   
  -6.483769890  62.17880630   
  -6.483680250  62.17870331   
  -6.482832910  62.17852020   
  -6.482282160  62.17848969   
  -6.480083940  62.17846680   
  -6.477614880  62.17844009   
  -6.475032810  62.17844009   
  -6.475032810  62.17844009   
  -6.471904280  62.17850876   
  -6.470506190  62.17866135   
  -6.468917850  62.17869568   
  -6.465480330  62.17856216   
  -6.465122220  62.17875290   
  -6.465009210  62.17872238   
  -6.465251920  62.17851257   
  -6.465230460  62.17842102   
  -6.464770320  62.17838669   
  -6.464004040  62.17842484   
  -6.463168620  62.17840195   
  -6.461703300  62.17811584   
  -6.460931300  62.17774200   
  -6.460491180  62.17753601   
  -6.460106850  62.17760849   
  -6.459527020  62.17750931   
  -6.459095950  62.17752075   
  -6.458815100  62.17745209   
  -6.457959180  62.17700577   
  -6.457602020  62.17689133   
  -6.457111840  62.17689133   
  -6.456692220  62.17676544   
  -6.454744340  62.17683029   
  -6.454416280  62.17704773   
  -6.454108240  62.17744446   
  -6.453217030  62.17789459   
  -6.452302460  62.17803192   
  -6.451217650  62.17852402   
  -6.450986860  62.17882538   
  -6.450280190  62.17890930   
  -6.450091360  62.17914200   
  -6.448733330  62.17954636   
  -6.448604580  62.17979813   
  -6.448092460  62.17974091   
  -6.447347160  62.18012238   
  -6.447152610  62.18024445   
  -6.446774960  62.18034744   
  -6.446733950  62.18046951   
  -6.446768760  62.18053436   
  -6.446891780  62.18058014   
  -6.446866510  62.18062592   
  -6.446722030  62.18063354   
  -6.446385380  62.18054581   
  -6.446192740  62.18064117   
  -6.446218970  62.18081284   
  -6.446102140  62.18087387   
  -6.445530890  62.18106079   
  -6.445374970  62.18115616   
  -6.445153710  62.18141174   
  -6.444672110  62.18171692   
  -6.444705010  62.18196869   
  -6.444571020  62.18207550   
  -6.444108490  62.18218231   
  -6.443901060  62.18252182   
  -6.443636890  62.18266678   
  -6.443569660  62.18291855   
  -6.443452840  62.18305206   
  -6.442903520  62.18323135   
  -6.442427640  62.18357849   
  -6.442589760  62.18382645   
  -6.442370410  62.18400955   
  -6.442477230  62.18408585   
  -6.442760470  62.18409729   
  -6.442757610  62.18417740   
  -6.442192550  62.18411636   
  -6.442037580  62.18419266   
  -6.441867830  62.18456650   
  -6.441933160  62.18470383   
  -6.442695620  62.18521118   
  -6.442843440  62.18573380   
  -6.443205830  62.18629074   
  -6.443883900  62.18713760   
  -6.444154740  62.18732071   
  -6.444127080  62.18755341   
  -6.445168500  62.18787766   
  -6.446695330  62.18846512   
  -6.449097630  62.18938065   
  -6.452046870  62.19044876   
  -6.452536580  62.19047546   
  -6.452930930  62.19035721   
  -6.453066350  62.19044113   
  -6.452630040  62.19075394   
  -6.452666760  62.19084549   
  -6.453497410  62.19134521   
  -6.454644200  62.19215775   
  -6.455542090  62.19311905   
  -6.455785750  62.19412613   
  -6.455380920  62.19535065   
  -6.455369000  62.19588089   
  -6.455202580  62.19641495   
  -6.454773430  62.19673920   
  -6.455150130  62.19701767   
  -6.454886910  62.19715500   
  -6.455027580  62.19740295   
  -6.453375340  62.19879913   
  -6.452230450  62.19954300   
  -6.451072690  62.20015717   
  -6.450864790  62.20088959   
  -6.449667450  62.20186615   
  -6.448545460  62.20253754   
  -6.448033810  62.20351410   
  -6.447704320  62.20427322   
  -6.448585990  62.20574188   
  -6.448585990  62.20574188   
  -6.449337960  62.20677185   
  -6.450504300  62.20779037   
  -6.451640130  62.20921326   
  -6.451336860  62.20943069   
  -6.450518130  62.20933533   
  -6.450448990  62.20937729   
  -6.451902390  62.20954895   
  -6.452022550  62.21001816   
  -6.453537460  62.21025467   
  -6.453234200  62.21075058   
  -6.454506870  62.21112442   
  -6.456154350  62.21156693   
  -6.457602500  62.21207809   
  -6.458200450  62.21203613   
  -6.460820200  62.21263123   
  -6.461454870  62.21272278   
  -6.461965560  62.21287918   
  -6.463966370  62.21289444   
  -6.464986320  62.21291351   
  -6.464724060  62.21303558   
  -6.464806080  62.21316147   
  -6.466381550  62.21334457   
  -6.467632770  62.21335983   
  -6.471071240  62.21360016   
  -6.475049020  62.21377182   
  -6.475701330  62.21372223   
  -6.476457120  62.21388626   
  -6.476858140  62.21378708   
  -6.478039260  62.21348572   
  -6.479657650  62.21347809   
  -6.482780460  62.21384048   
  -6.484168050  62.21422577   
  -6.487026210  62.21559525   
  -6.488349440  62.21652985   
  -6.490097520  62.21698380   
  -6.490761280  62.21716309   
  -6.492595670  62.21789932   
  -6.493503090  62.21815872   
  -6.494807240  62.21855927   
  -6.494843480  62.21870422   
  -6.494803910  62.21873856   
  -6.494795320  62.21881866   
  -6.494985580  62.21886826   
  -6.494965550  62.21875763   
  -6.495088580  62.21866989   
  -6.495279790  62.21875381   
  -6.495253090  62.21893311   
  -6.496530060  62.21915436   
  -6.497385500  62.21939468   
  -6.497321130  62.21947479   
  -6.498145580  62.21976852   
  -6.499085430  62.21989441   
  -6.499737260  62.21996689   
  -6.501910210  62.22058868   
  -6.502410890  62.22056198   
  -6.502887730  62.22089386   
  -6.503178600  62.22086334   
  -6.503699300  62.22098923   
  -6.503778930  62.22121811   
  -6.504152770  62.22127533   
  -6.504478450  62.22150803   
  -6.504413600  62.22168732   
  -6.504475590  62.22170639   
  -6.504591940  62.22164536   
  -6.504794600  62.22184372   
  -6.504549500  62.22183228   
  -6.504562380  62.22193146   
  -6.504991530  62.22203064   
  -6.505712990  62.22200394   
  -6.505816940  62.22216797   
  -6.506186960  62.22241974   
  -6.506004330  62.22241592   
  -6.506186960  62.22250748   
  -6.506408690  62.22250366   
  -6.506970880  62.22275543   
  -6.507501600  62.22274017   
  -6.507866380  62.22296143   
  -6.508269310  62.22306824   
  -6.508346560  62.22311401   
  -6.507856370  62.22303391   
  -6.507733350  62.22303009   
  -6.507563110  62.22313309   
  -6.507387160  62.22312164   
  -6.507290840  62.22330856   
  -6.507512570  62.22333145   
  -6.508309840  62.22376633   
  -6.509036060  62.22429276   
  -6.509671210  62.22445679   
  -6.509918690  62.22472000   
  -6.509518150  62.22476959   
  -6.509665490  62.22508621   
  -6.509920120  62.22509766   
  -6.510231970  62.22519302   
  -6.510159970  62.22536469   
  -6.510604860  62.22571182   
  -6.511195180  62.22574234   
  -6.511400700  62.22586060   
  -6.511002060  62.22586441   
  -6.511070730  62.22594452   
  -6.511650090  62.22610855   
  -6.511650090  62.22610855   
  -6.512571810  62.22683334   
  -6.513705250  62.22732162   
  -6.515779500  62.22850037   
  -6.517920020  62.22971344   
  -6.518191340  62.22999954   
  -6.518397330  62.23001862   
  -6.518181800  62.23011398   
  -6.518270490  62.23029709   
  -6.518476960  62.23031616   
  -6.518299100  62.23036957   
  -6.519544120  62.23194504   
  -6.519340520  62.23212814   
  -6.521183970  62.23332977   
  -6.521494870  62.23343277   
  -6.521606450  62.23366928   
  -6.522574420  62.23442459   
  -6.524104600  62.23510742   
  -6.524374490  62.23510361   
  -6.524264810  62.23517227   
  -6.524025920  62.23522186   
  -6.524238110  62.23540497   
  -6.524390220  62.23545456   
  -6.524304390  62.23548889   
  -6.524562360  62.23569870   
  -6.524755000  62.23570251   
  -6.526177410  62.23675919   
  -6.526627540  62.23693085   
  -6.527671340  62.23781967   
  -6.529497620  62.23900223   
  -6.530318740  62.23988724   
  -6.531290530  62.24055099   
  -6.531306740  62.24084854   
  -6.531458380  62.24099350   
  -6.532043930  62.24207306   
  -6.531979560  62.24222565   
  -6.532347680  62.24309540   
  -6.532467840  62.24367142   
  -6.532208440  62.24439240   
  -6.532733440  62.24473572   
  -6.533120630  62.24621582   
  -6.533476830  62.24645615   
  -6.533400540  62.24677658   
  -6.533794400  62.24716187   
  -6.533575060  62.24779510   
  -6.534223560  62.24841690   
  -6.534702780  62.24915314   
  -6.534985070  62.24915695   
  -6.535037990  62.24922180   
  -6.535027500  62.24937439   
  -6.535430430  62.25045013   
  -6.536530970  62.25115204   
  -6.537682530  62.25209808   
  -6.537323470  62.25276566   
  -6.537783150  62.25325012   
  -6.537715440  62.25360870   
  -6.536969180  62.25408936   
  -6.536686900  62.25433350   
  -6.536219120  62.25437927   
  -6.535227300  62.25480270   
  -6.530664920  62.25398636   
  -6.530598160  62.25388336   
  -6.530376430  62.25381851   
  -6.529943940  62.25387192   
  -6.527850150  62.25333405   
  -6.527493950  62.25312042   
  -6.525044440  62.25226974   
  -6.523380760  62.25169754   
  -6.522722720  62.25149918   
  -6.520687100  62.25035095   
  -6.519119260  62.24915314   
  -6.517608640  62.24815750   
  -6.515616420  62.24634171   
  -6.513781550  62.24467468   
  -6.512719150  62.24359512   
  -6.511812210  62.24247360   
  -6.510977750  62.24196625   
  -6.508537290  62.24064636   
  -6.506722930  62.23960876   
  -6.506310940  62.23946762   
  -6.506051540  62.23939133   
  -6.505514140  62.23941803   
  -6.505826470  62.23910904   
  -6.505208490  62.23889923   
  -6.502341270  62.23794937   
  -6.498966220  62.23697281   
  -6.494671820  62.23554611   
  -6.492860320  62.23515701   
  -6.492655280  62.23514175   
  -6.489553450  62.23587036   
  -6.489432330  62.23579407   
  -6.492802620  62.23496628   
  -6.492630000  62.23482132   
  -6.491227150  62.23435593   
  -6.490772250  62.23405838   
  -6.488653660  62.23328400   
  -6.488178250  62.23325729   
  -6.486948970  62.23294830   
  -6.486957550  62.23282242   
  -6.484374520  62.23226166   
  -6.483192920  62.23193741   
  -6.483192920  62.23193741   
  -6.481484890  62.23168945   
  -6.479011540  62.23107147   
  -6.477305410  62.23038483   
  -6.476844310  62.23041916   
  -6.475841050  62.22991562   
  -6.475534440  62.22990036   
  -6.475450040  62.22994614   
  -6.475422380  62.23015976   
  -6.474035260  62.22969437   
  -6.471831320  62.22935104   
  -6.469707490  62.22963333   
  -6.467154980  62.22986603   
  -6.465934280  62.23019409   
  -6.463768960  62.23028183   
  -6.463344100  62.23038864   
  -6.462853910  62.23070526   
  -6.460640430  62.23084259   
  -6.460049150  62.23079681   
  -6.459696290  62.23089600   
  -6.459537980  62.23103714   
  -6.457750320  62.23103333   
  -6.454991820  62.23124313   
  -6.454442980  62.23140335   
  -6.453572750  62.23152161   
  -6.451926710  62.23204803   
  -6.449688910  62.23260880   
  -6.448328020  62.23310471   
  -6.445147990  62.23351288   
  -6.443253520  62.23383713   
  -6.441267490  62.23405075   
  -6.439597130  62.23434448   
  -6.439285280  62.23450089   
  -6.439211850  62.23473358   
  -6.436835290  62.23526382   
  -6.435451980  62.23538971   
  -6.434842110  62.23549652   
  -6.434717180  62.23565674   
  -6.433525090  62.23778915   
  -6.432738780  62.23833847   
  -6.431969170  62.23951340   
  -6.431633950  62.24005508   
  -6.433319090  62.23986816   
  -6.433402060  62.23993301   
  -6.431394100  62.24011230   
  -6.431101320  62.24085999   
  -6.430061820  62.24135208   
  -6.428946970  62.24212265   
  -6.428905960  62.24230957   
  -6.429086210  62.24247742   
  -6.429076670  62.24259186   
  -6.428905490  62.24267960   
  -6.428870680  62.24283981   
  -6.429105280  62.24299622   
  -6.429050450  62.24373245   
  -6.428750040  62.24382401   
  -6.428524020  62.24391937   
  -6.428499700  62.24402618   
  -6.428712370  62.24412918   
  -6.429057120  62.24415588   
  -6.429040910  62.24420929   
  -6.428470130  62.24425888   
  -6.428067680  62.24480057   
  -6.427618030  62.24535751   
  -6.427575110  62.24556351   
  -6.427320000  62.24566650   
  -6.427369120  62.24585724   
  -6.427091600  62.24629211   
  -6.426757810  62.24641037   
  -6.426916120  62.24654007   
  -6.426680560  62.24713898   
  -6.426356320  62.24721146   
  -6.426285740  62.24727249   
  -6.426451680  62.24740219   
  -6.424992560  62.24848175   
  -6.425121780  62.24890518   
  -6.424666880  62.24964905   
  -6.424494740  62.24977493   
  -6.424445630  62.25025940   
  -6.424631120  62.25095367   
  -6.424541470  62.25112152   
  -6.424752710  62.25128555   
  -6.424893860  62.25150681   
  -6.425043110  62.25212860   
  -6.425191880  62.25228500   
  -6.425112720  62.25241470   
  -6.424678800  62.25255966   
  -6.424508090  62.25266647   
  -6.424441340  62.25288010   
  -6.424642090  62.25290298   
  -6.425116540  62.25293732   
  -6.425440790  62.25392151   
  -6.426018710  62.25453568   
  -6.425974370  62.25475693   
  -6.426382540  62.25478363   
  -6.428019520  62.25609970   
  -6.427971840  62.25620651   
  -6.428132530  62.25619888   
  -6.429098130  62.25671005   
  -6.429072380  62.25676346   
  -6.428812980  62.25673294   
  -6.428812980  62.25673294   
  -6.428803440  62.25682449   
  -6.430394170  62.25710297   
  -6.430931090  62.25720215   
  -6.430745600  62.25725555   
  -6.430782320  62.25731659   
  -6.431087490  62.25737762   
  -6.431629660  62.25720596   
  -6.431674000  62.25725174   
  -6.431473730  62.25732040   
  -6.431595330  62.25738525   
  -6.433187010  62.25763321   
  -6.435007570  62.25799942   
  -6.435507770  62.25800705   
  -6.435738090  62.25794983   
  -6.436227800  62.25767136   
  -6.436126230  62.25782013   
  -6.436152940  62.25798416   
  -6.436419960  62.25808716   
  -6.436718460  62.25808334   
  -6.437457560  62.25802612   
  -6.438707830  62.25809097   
  -6.439908030  62.25805283   
  -6.440174580  62.25815582   
  -6.440459730  62.25813293   
  -6.440961360  62.25796509   
  -6.441215990  62.25798798   
  -6.441428660  62.25809097   
  -6.441499710  62.25799942   
  -6.441583160  62.25799179   
  -6.441734790  62.25809479   
  -6.442576890  62.25822830   
  -6.443049430  62.25811005   
  -6.443384170  62.25786591   
  -6.443578240  62.25777817   
  -6.443410870  62.25802612   
  -6.443391320  62.25823212   
  -6.443565850  62.25833511   
  -6.444161420  62.25853348   
  -6.444799900  62.25848389   
  -6.445579050  62.25872421   
  -6.445823190  62.25876999   
  -6.446184160  62.25874329   
  -6.446493630  62.25868607   
  -6.446523670  62.25871277   
  -6.446429730  62.25880051   
  -6.446587090  62.25891876   
  -6.446045400  62.25881195   
  -6.445898060  62.25884628   
  -6.446127890  62.25893021   
  -6.446671010  62.25900269   
  -6.446731090  62.25906754   
  -6.446831230  62.25904083   
  -6.446895120  62.25897217   
  -6.447963710  62.25925064   
  -6.448882100  62.25939560   
  -6.449374680  62.25974274   
  -6.450020310  62.26015091   
  -6.449971200  62.26030350   
  -6.450468060  62.26071548   
  -6.452110770  62.26188660   
  -6.452294830  62.26194382   
  -6.452852730  62.26204300   
  -6.453028680  62.26212692   
  -6.453299050  62.26239395   
  -6.454444890  62.26308823   
  -6.454711910  62.26311874   
  -6.455160140  62.26338196   
  -6.455080510  62.26354980   
  -6.455256940  62.26356125   
  -6.455327030  62.26348114   
  -6.455411430  62.26351166   
  -6.455624100  62.26364136   
  -6.456124310  62.26391983   
  -6.456859110  62.26404953   
  -6.456956390  62.26422119   
  -6.457329270  62.26436996   
  -6.457537170  62.26434708   
  -6.458811760  62.26482010   
  -6.460652830  62.26526642   
  -6.463416580  62.26575089   
  -6.464745040  62.26580811   
  -6.465588090  62.26588821   
  -6.467158790  62.26618576   
  -6.467766760  62.26615143   
  -6.468547820  62.26625824   
  -6.471397400  62.26711655   
  -6.471924780  62.26721573   
  -6.474690440  62.26799393   
  -6.476747040  62.26852417   
  -6.478425500  62.26875305   
  -6.480505940  62.26888275   
  -6.480779650  62.26902008   
  -6.481609820  62.26902771   
  -6.482294560  62.26897812   
  -6.482924940  62.26899719   
  -6.483850480  62.26910400   
  -6.486066820  62.26935959   
  -6.486486910  62.26950073   
  -6.486948490  62.26950836   
  -6.488604070  62.27016068   
  -6.489324090  62.27046967   
  -6.490988730  62.27133560   
  -6.494438650  62.27244568   
  -6.499341960  62.27349472   
  -6.504185680  62.27398682   
  -6.505058770  62.27412796   
  -6.505310540  62.27490616   
  -6.505322460  62.27492523   
  -6.505355830  62.27494431   
  -6.505390640  62.27495956   
  -6.505422590  62.27497101   
  -6.505457400  62.27497101   
  -6.505500790  62.27498245   
  -6.505526070  62.27498245   
  -6.505559440  62.27497482   
  -6.505592820  62.27496338   
  -6.505626200  62.27495575   
  -6.505658630  62.27494049   
  -6.505683420  62.27492142   
  -6.505695340  62.27489471   
  -6.505691530  62.27486801   
  -6.505680560  62.27486038   
  -6.505499840  62.27427292   
  -6.505540370  62.27420044   
  -6.508297920  62.27456284   
  -6.508355620  62.27456665   
  -6.508382320  62.27456665   
  -6.508406160  62.27455902   
  -6.508424280  62.27454758   
  -6.508433340  62.27453232   
  -6.508498670  62.27444077   
  -6.508511540  62.27442551   
  -6.508514400  62.27441406   
  -6.508495330  62.27438736   
  -6.508477210  62.27435303   
  -6.511792180  62.27559662   
  -6.512002470  62.27566528   
  -6.515294550  62.27674484   
  -6.516932490  62.27885818   
  -6.516895770  62.27902222   
  -6.517337800  62.27918243   
  -6.518786430  62.28029251   
  -6.521379470  62.28109360   
  -6.528430940  62.28538895   
  -6.528617860  62.28552628   
  -6.530018330  62.28564072   
  -6.530025010  62.28564835   
  -6.529988290  62.28582001   
  -6.528682710  62.28567886   
  -6.526678090  62.28679276   
  -6.524878500  62.28778458   
  -6.525285720  62.28939819   
  -6.524363990  62.29082870   
  -6.524149890  62.29306030   
  -6.523142810  62.29383469   
  -6.522974010  62.29420090   
  -6.523025510  62.29425430   
  -6.522996900  62.29430008   
  -6.522808070  62.29436493   
  -6.522813320  62.29439545   
  -6.522652630  62.29442596   
  -6.523363110  62.29531097   
  -6.524477480  62.29510498   
  -6.524516580  62.29514313   
  -6.524576190  62.29512405   
  -6.525316720  62.29564285   
  -6.525109770  62.29567337   
  -6.525209430  62.29581833   
  -6.525211330  62.29581833   
  -6.524163250  62.29597092   
  -6.524200920  62.29602432   
  -6.524777410  62.29593658   
  -6.524768350  62.29592896   
  -6.525399680  62.29583359   
  -6.525747780  62.29677963   
  -6.525039200  62.29719162   
  -6.525345800  62.29794312   
  -6.525478840  62.29833984   
  -6.525574680  62.29839325   
  -6.525574680  62.29839325   
  -6.522396560  62.29896545   
  -6.522196770  62.29890823   
  -6.522049900  62.29891586   
  -6.522028450  62.29887009   
  -6.522431850  62.29882431   
  -6.522283080  62.29861450   
  -6.523039820  62.29846573   
  -6.523007870  62.29843140   
  -6.522264480  62.29857635   
  -6.522180560  62.29845047   
  -6.521956440  62.29826736   
  -6.522793770  62.29814911   
  -6.522768020  62.29811096   
  -6.521921160  62.29822922   
  -6.521657940  62.29800034   
  -6.521544460  62.29788208   
  -6.522475240  62.29775620   
  -6.522411350  62.29766464   
  -6.521455760  62.29779053   
  -6.521326540  62.29767227   
  -6.521335600  62.29742050   
  -6.522192960  62.29732132   
  -6.522174360  62.29728317   
  -6.521334650  62.29738617   
  -6.521334650  62.29738617   
  -6.521651740  62.29636765   
  -6.520788670  62.29590988   
  -6.521195410  62.29574966   
  -6.521152020  62.29566574   
  -6.520733360  62.29573822   
  -6.520046230  62.29508972   
  -6.519646640  62.29394150   
  -6.519536020  62.29355240   
  -6.520213130  62.29336929   
  -6.520099160  62.29243088   
  -6.518396380  62.29177475   
  -6.517177580  62.29111481   
  -6.515647410  62.29053879   
  -6.516373630  62.29029083   
  -6.516298290  62.29019928   
  -6.515723230  62.29037094   
  -6.510726930  62.28879929   
  -6.508461950  62.28855133   
  -6.506867410  62.28808212   
  -6.504223350  62.28740692   
  -6.500501630  62.28668213   
  -6.500225070  62.28643799   
  -6.499755860  62.28639984   
  -6.495615480  62.28559113   
  -6.487881660  62.28495789   
  -6.487284660  62.28462219   
  -6.479643340  62.28320694   
  -6.473805900  62.28218460   
  -6.465714450  62.28109741   
  -6.465453150  62.28085709   
  -6.456320760  62.27915573   
  -6.456320760  62.27915573   
  -6.455856800  62.27917099   
  -6.455031870  62.27878189   
  -6.449069980  62.27824020   
  -6.447397710  62.27766037   
  -6.441098210  62.27731323   
  -6.439066890  62.27742004   
  -6.438861850  62.27712631   
  -6.437463280  62.27700424   
  -6.436437610  62.27702713   
  -6.435891150  62.27724457   
  -6.434574600  62.27696609   
  -6.430481430  62.27762604   
  -6.429880620  62.27843475   
  -6.429593090  62.27870560   
  -6.429817680  62.27951050   
  -6.429660320  62.27997589   
  -6.432389260  62.28385925   
  -6.431990620  62.28424072   
  -6.432777880  62.28586197   
  -6.432085990  62.28617096   
  -6.431900500  62.28722000   
  -6.431294440  62.28738022   
  -6.431340220  62.28747940   
  -6.430752280  62.28761292   
  -6.425939560  62.28933716   
  -6.422387120  62.29109192   
  -6.422421460  62.29138947   
  -6.413644310  62.29571915   
  -6.412838940  62.29644775   
  -6.410527230  62.29777908   
  -6.409834380  62.29793549   
  -6.409448150  62.29837036   
  -6.406211850  62.29952240   
  -6.406101230  62.30116272   
  -6.405349250  62.30147171   
  -6.405924320  62.30194092   
  -6.405074120  62.30202484   
  -6.405117990  62.30224991   
  -6.405593400  62.30233002   
  -6.406117920  62.30253983   
  -6.406733990  62.30257797   
  -6.407234670  62.30298996   
  -6.405565260  62.30368805   
  -6.407495500  62.30480194   
  -6.406565190  62.30473709   
  -6.406526090  62.30494308   
  -6.406990050  62.30533981   
  -6.407326700  62.30501175   
  -6.407791140  62.30497742   
  -6.408544060  62.30606842   
  -6.410439490  62.30649185   
  -6.412227630  62.30733109   
  -6.413751600  62.30744934   
  -6.413530830  62.30757141   
  -6.414062980  62.30777740   
  -6.414399150  62.30806351   
  -6.415378570  62.30765152   
  -6.415771010  62.30809021   
  -6.416036610  62.30803299   
  -6.416430000  62.30881882   
  -6.417012690  62.30873108   
  -6.418007850  62.30932617   
  -6.419610500  62.30920410   
  -6.419755940  62.30942154   
  -6.420539860  62.30950546   
  -6.420863150  62.30931473   
  -6.421062950  62.30955124   
  -6.421802520  62.30965805   
  -6.422850610  62.30979156   
  -6.422850610  62.30979156   
  -6.423385140  62.31035995   
  -6.424772740  62.31080627   
  -6.425865170  62.31187057   
  -6.427800180  62.31192398   
  -6.430687430  62.31312561   
  -6.430974960  62.31368637   
  -6.432644370  62.31421280   
  -6.432617190  62.31494141   
  -6.433664800  62.31501389   
  -6.435450550  62.31596375   
  -6.436484810  62.31634903   
  -6.439008710  62.31778717   
  -6.440232280  62.31808853   
  -6.440652370  62.31839371   
  -6.440501690  62.31871414   
  -6.441550250  62.31916428   
  -6.447145460  62.31892395   
  -6.447760580  62.31877518   
  -6.447971820  62.31890488   
  -6.451470380  62.31846619   
  -6.451623440  62.31825256   
  -6.452582840  62.31798553   
  -6.450942990  62.31785583   
  -6.451996800  62.31776810   
  -6.452708240  62.31752777   
  -6.453700070  62.31595612   
  -6.454508780  62.31554794   
  -6.455799580  62.31133270   
  -6.458797450  62.30554199   
  -6.458516600  62.30539322   
  -6.459245200  62.30511093   
  -6.459599970  62.30467606   
  -6.459261890  62.30424881   
  -6.460306640  62.30391693   
  -6.462149620  62.30270386   
  -6.462306980  62.30239105   
  -6.462501050  62.30258179   
  -6.464710710  62.30141068   
  -6.466624740  62.30113220   
  -6.466330530  62.30101013   
  -6.468647000  62.30092621   
  -6.470714570  62.30070114   
  -6.472099300  62.30080032   
  -6.474432470  62.30261230   
  -6.475238800  62.30374146   
  -6.475488660  62.30922318   
  -6.477355480  62.31241989   
  -6.478257660  62.31284714   
  -6.477492330  62.31308365   
  -6.478284360  62.31342316   
  -6.478422160  62.31431580   
  -6.478109840  62.31438065   
  -6.478078840  62.31458664   
  -6.478625770  62.31465149   
  -6.478460310  62.31494522   
  -6.478224280  62.31503677   
  -6.478262900  62.31527328   
  -6.478689190  62.31546021   
  -6.478523250  62.31619263   
  -6.477947240  62.31631851   
  -6.477005480  62.31889725   
  -6.476523400  62.32196808   
  -6.476007940  62.32429504   
  -6.477479460  62.32884598   
  -6.481508730  62.33185577   
  -6.484554770  62.33324051   
  -6.485913280  62.33436203   
  -6.487128730  62.33467865   
  -6.489586830  62.33461761   
  -6.491813660  62.33494568   
  -6.490120410  62.33479691   
  -6.488475800  62.33478546   
  -6.487625600  62.33483124   
  -6.489889140  62.33568954   
  -6.490824700  62.33582306   
  -6.492589470  62.33553314   
  -6.493328090  62.33579636   
  -6.493201260  62.33609009   
  -6.493320940  62.33641815   
  -6.494742870  62.33685684   
  -6.496087070  62.33683395   
  -6.496085640  62.33710480   
  -6.496353150  62.33716202
